453 0.00018886527861083064
443 0.00023830579890732603
447 0.00094499875196140282
444 0.00024106265579875986
399 0.00091325310857965497
464 0.048217475165494829
433 0.10930732454880859
446 0.040148095885155798
432 0.33229108030513033
429 0.056409331648055443
420 0.42132796131763489
408 0.093692840773265618
400 0.075714418888123969
445 0.024037217949762418
488 0.027381034724225341
507 0.0093281889013925416
506 0.0045383315248011232
496 0.0056950932149320965
472 0.011307513407147725
468 0.020658373088133258
417 0.00038750717218697739
414 5.3757814546707909e-06
404 0.00069831250127365212
401 0.0029263514915199604
435 0.00032293495121484152
421 0.0003178564080252349
407 0.00063464656336258553
410 0.00082758318613494785
406 0.00070317256448531901
405 0.00051889065501521377
403 0.0017265517183846619
437 0.00065599034282310233
431 0.00016056519012804901
436 0.00024574857763980969
412 0.00078597376751566911
448 0.00033607383792891451
438 0.00063155648964743026
455 0.00062559984771332999
451 0.00096802607023456359
430 0.00019970296843095715
477 8.0105488036482937e-05
474 0.00023253204508267604
459 0.001056711773299646
458 0.00026207383205845494
480 5.1038132270010003e-06
465 0.00048264990737463737
503 0.0004211901619511871
498 0.0021275660892252348
490 0.00082953109433143708
460 0.0027037699335707311
426 0.10865554383600638
478 0.0013958322577540582
585 0.0011027371788710227
578 0.0037462461375837221
574 0.003280819775498951
541 0.0014190729812668455
531 0.0068158057859932421
499 0.0032609861274723352
497 0.0014669098426957406
483 0.0092691262697628118
439 0.002331882671571802
481 0.0060797950915621787
456 0.0072416235946857078
441 0.0054130910583203538
416 0.017020207487945579
442 0.0048022145282789483
505 0.0040869606189701448
466 0.0058713079958153461
440 0.023703661455544062
508 0.02183616438069659
587 0.0044244981284042115
570 0.028927240394138621
559 0.086688981375254631
525 0.0051166504777004655
517 0.016516733182390098
463 0.015456283540655057
434 0.0056313869939387615
457 0.0097766969885993791
425 0.016280063892750173
422 0.013000961829127307
473 0.036726302836138529
428 0.0049167379297559936
534 0.014937958911936618
454 0.0068707169159639356
532 0.013911377945313861
509 0.0059924401985373132
470 0.022803039449112699
512 0.008477111365369475
494 0.025972103015836707
486 0.0070418616435109155
528 0.001397280423539513
526 0.0057640038735994022
537 0.011027150326642999
521 0.012973466549051059
544 0.0032042842223390516
538 0.0044047914125455402
461 0.0026450187991563382
516 0.0044790555763384475
511 0.0034759009082982245
504 0.0071745866120436113
485 0.00096732395451238208
484 0.010870453173689872
533 0.0022395170028608716
522 0.0025306286353810386
515 0.78664331182502867
510 0.012538179852626861
492 0.00080666588005859851
482 0.00043713178124818588
475 0.0033587160569860351
471 0.00083109211294872868
452 0.0052097106066174535
584 0.0018548087749033146
552 5.4808882196698418e-05
536 0.0020286449877307696
529 0.001153966207139065
523 0.0018046193463956547
519 0.0058366167154719692
513 0.0013250237495835242
599 0.032508755495442444
588 0.019795691244024759
582 0.024611409961371983
566 0.027464368099259277
450 0.05786063106992026
649 0.11351949395381114
639 0.044853416134490315
594 0.050816226942065446
783 0.070735187874655825
768 0.078207434116155244
725 0.33848455377928616
720 0.68897210594859326
703 0.14618300310465862
702 0.060826230330284912
688 0.065497141697963349
683 0.26362636351238361
663 0.046857305372930452
1065 0.20979806992716946
1062 0.22606936508522774
1052 0.12983842256348732
979 0.21640340713993608
976 0.44477176045284866
956 1.0157371173351764
937 0.12584478718304878
918 0.37321214270351211
883 0.15496213017523744
879 0.053586509401471125
878 0.056884456545034948
874 0.14857223611191173
861 0.015587463758746763
837 0.076287985023431398
834 0.37782722017620179
809 0.16229281929560938
804 0.080261133040006774
782 0.087469419354972655
551 0.0031230769305061043
545 0.005332242231558362
543 0.002261299396725315
550 0.0059950092704736556
535 0.00074871650784825072
501 0.068407609246767948
469 0.068012057951721133
489 2.3608891297908168e-05
491 0.00067401423857145579
514 1.0493700029844295e-05
560 0.0018577857031553107
502 0.00077448168684821008
611 0.028715244263781178
602 0.0053833741446639672
598 0.0046589736025085858
591 0.0025671469125379707
573 0.0080027230339603274
564 0.0032833070027593163
592 0.0014868310012721871
579 0.0028512246972661331
619 0.002210333750440194
524 0.006074381149982289
520 0.020933150271453354
493 0.34949769194957958
495 0.19060782697991066
548 0.026365968115127141
540 0.02994988286069231
583 0.0014650454310885413
577 0.012077531696507354
618 0.0021266527509295825
608 0.0023713935378157944
617 0.0064697074267235531
610 0.0033953720490441522
601 0.72877622048477397
596 0.0085093040693922199
593 0.0013763950639470012
589 0.017013972642552711
572 0.0024960595979210748
575 0.010165581047053856
571 0.039517466221770936
662 0.031403232306847516
653 0.027181268160786087
676 0.061618906889670894
699 0.14540159685862977
666 0.071721401422093531
704 0.17996191060667005
694 0.10184154120937029
669 0.08690116098596086
711 0.65484497901141125
721 0.63341037539746381
707 0.61036207140460463
749 0.061086961708093336
748 0.53201812556079875
730 0.05022696632595168
565 0.00080180590885950062
557 0.0011948327260307709
553 0.00074185015614955374
546 0.0014799543781853827
527 0.00085944369171366019
542 0.0027555302059305738
678 0.01178029002549838
668 0.0038782222311406294
641 0.01348120754756128
606 0.0019623178654949417
597 0.00073409669222753761
563 0.0011416930492684728
539 0.0049042384616600722
646 0.023220965870687792
627 0.0046991321254747313
530 0.013659606991901288
518 0.00596886000644699
660 0.037426219369315686
642 0.008019070228698244
637 0.0039396883422392268
654 0.0074768318293709779
623 0.043434570377907974
615 0.037580918197041478
677 0.034871101752275403
670 0.0039153830921436492
628 0.02553519136702587
616 0.031713737369392848
554 0.0018319549166498545
561 0.0023353903460566266
581 0.0029237550183694116
569 0.00084265679784798766
614 0.013241705175831231
590 0.012294330940453084
580 0.014263827284898164
576 0.0034659618868554854
567 0.0016759238983856943
634 0.0079820523975188285
869 0.0070319978541852693
829 0.003942829003155188
667 0.11662776570168014
665 0.028810545641124518
655 0.023060419170538721
648 0.03993537733770762
630 0.012643014209081137
640 0.011471878617703928
635 0.0041205783270593073
661 0.018616634266171678
656 0.078931549130606335
643 0.014184130074045009
631 0.020718103657820303
657 0.029134969248031321
625 0.023403527705077157
620 0.0131959729050808
612 0.0061335761439700234
607 0.14146142087752089
690 0.0030274016202040187
686 0.0003356575090134411
700 0.0028988489065296967
698 0.0062370130740686258
697 0.0099610544966531687
555 0.03077238316078762
613 0.57490406060665111
604 0.04971139167395322
595 0.097426846804556919
685 0.076239401450205371
681 0.37815458649503064
650 0.21222334790806524
558 0.056381332538426386
586 0.014650041301525113
638 0.020627381958442388
603 0.96812183558977893
633 0.97156585258965455
621 0.013497869458980783
727 0.26187390519822656
716 0.062615224689362217
675 0.012234235579690479
743 0.080506506747684239
719 0.042825644789712264
658 0.024440842221304347
684 0.018353918219833024
679 0.062832843003083949
674 0.41871942621095826
671 0.041961239689299101
645 0.31036646184502681
644 0.049283025895428739
717 0.019423622331615261
710 0.029364020509711545
682 0.024224117126516436
664 0.011651114891443938
629 0.039468682166395513
756 0.013651111871510819
753 0.0090777959710682168
752 0.0063503335022675684
751 0.0011336611095392744
741 0.009696441525062615
732 0.0096594416536781667
701 0.0072975346503493747
689 0.012618480699339473
652 0.014607889909250204
622 0.088944668057378426
651 0.040803288116340319
729 0.014233544625232054
726 0.025171105803904484
696 0.049826962486329257
680 0.018341131720208674
778 0.015874924285885206
774 0.039775732722929356
770 0.52043468670484183
764 0.070318768039046256
758 0.089212203433816278
744 0.21026908937597236
739 0.023459043832557674
738 0.14575578319505325
734 0.011249799885552685
687 0.022363617925908099
673 0.032083883025329121
659 0.063216383010122043
636 0.36297390517887079
647 0.14423452407113005
712 0.19176451678630843
755 0.05104799163303117
713 0.023825682256004625
708 0.0010043726235211925
705 0.00023020681132095746
691 0.019730230029308592
722 0.0018377631554835777
868 0.0013652113537915729
820 0.0048976789731478166
850 0.0027840369167296923
842 0.00031882223495699247
823 0.0018158257986685695
792 0.00043922834337047382
853 0.00072133340841658668
925 0.0061978509540860892
922 0.00095371822375713781
901 0.0012439260955167607
929 0.0073740625868528604
871 0.0072027334290052933
950 0.003708314137000927
1010 0.004707932765458285
990 0.0032413281450040972
975 0.0022752910679461964
1042 0.020908462319991054
1008 0.0059650469677092607
1036 0.019576278892403983
1015 0.008822736598076095
1087 0.0099986970316762527
1044 0.0051951765613277778
935 0.093770470059552774
1037 0.014147943896478015
693 0.055838061724099108
692 0.070082240698814816
733 0.032966646060257065
731 0.13812706916221473
709 0.36922959600198879
706 0.065086548195287461
802 0.064392373082191479
797 0.057705408491911664
788 0.18027554250494274
763 0.35246121398915886
832 0.20149334465302615
814 0.50624528593304174
812 0.47389766866124261
807 0.22451859877853722
794 0.12742798635170174
745 0.020184068066804867
836 0.51042830896717051
827 0.053735077768871674
769 0.0063723477408999694
740 0.0058981149367930558
796 0.069250933978394019
789 0.022866389417297843
772 0.11879804476278191
761 0.0037226998997856183
862 0.0092435461814659413
844 0.0021239304007164435
838 0.016697674289127048
801 0.16066918836765523
728 0.0060031293289312584
718 0.019312016316772349
715 0.0023066014581064435
714 0.0020993374605725304
724 0.042323711839833203
777 0.10738406822088435
904 0.49524583821333418
932 0.035838020400970796
921 0.011821564399415565
880 0.0044432909263419388
964 0.081205135442674145
947 0.3062629330752627
963 0.36918934356207739
1104 0.80520691369688913
1100 0.90258205315232032
1077 0.54328886617993966
1069 0.86663492049626878
1043 0.73087206253914794
1026 0.81719861566343588
983 0.7681220144167511
1161 0.19085107588636346
1154 0.15381900627196288
1093 0.097477705169670206
795 0.04437031871069428
780 0.14072290612574556
773 0.075603585403859558
760 0.086421626735398729
742 0.0084306459510183548
924 0.0055606903355829096
881 0.043691543305418315
872 0.0024326930424170669
858 0.0029525756823593108
830 0.0018954735341853112
817 0.005524408005701047
754 0.0058650305282546824
864 0.0045313347223443412
849 0.0036454163550854284
723 0.018724901446718581
779 0.071844100901199748
736 0.22169206843198211
737 0.010137309933141412
765 0.48563621949143115
767 0.041997128944002496
776 0.039452166002875204
811 0.45399209885552883
762 0.048136411049727094
757 0.015084523255340159
735 0.014963768470846838
805 0.0085105049199005033
893 0.099906013281854375
892 0.074033532118704476
888 0.036112973353389116
856 0.053263699104140756
845 0.32107339075907798
808 0.0042348718410664789
800 0.0096138807647772138
750 0.012705237969483977
747 0.012982720152784299
746 0.008029033707323734
822 0.030373811460426149
818 0.03002730537855719
826 0.0040138828705771059
825 0.0016621003527821621
824 0.001189293915614671
806 0.12928588202463273
840 0.096806384786691235
839 0.10890652691057763
821 0.046767569548104161
875 0.00073566994888838507
854 0.0046996532686760586
831 0.0025897000751367305
1032 0.10425585568699776
1027 0.12053454791116021
1019 0.09159993855963447
986 0.029335891351183835
977 0.013654681990021225
972 0.009426688979793622
959 0.010450004331645968
944 0.015556949719894205
942 0.009834940495467185
941 0.00055040974121471154
908 0.002035252333817883
887 0.0080779147892868618
884 0.018030200288551373
873 0.035420798155605338
870 0.044280967413252922
865 0.063666176687736026
835 0.019847355992451344
857 0.018106262401072461
791 0.01672505201217361
891 0.0032603260186288446
911 0.0043657417219759957
906 0.0035558815661021095
897 0.0017752309210707059
890 0.0028462700929091128
798 0.00078918969775141549
786 0.00082949671914428805
793 0.0010757061055266942
787 0.0014451440019540977
771 0.00066364525651669702
759 0.0062211934202860636
833 0.0011738596587091803
815 0.00032876554057033997
813 0.00056473972133322555
785 0.00067716635638360187
775 0.0031326790140884454
766 0.004837034492517208
907 0.001218705366896637
799 0.00020473140363115724
790 0.00077975162912597231
781 0.011048327066607059
848 0.000358166473105324
841 0.0016582074996342603
828 0.00058437228435061564
902 0.0012431548760712227
877 0.0029401329023507174
867 0.0024549883173863038
852 0.0011739415050814675
859 0.0010918199921887241
851 0.0065988200193764909
860 0.00091745504374241883
962 0.00060110506224155945
949 0.0059469874554331772
946 0.0010025971710404459
928 0.008350007676356486
899 0.0049970706218725189
966 0.0093886896460713028
958 0.11056002659854952
912 0.0089743317774325995
894 0.18016979041862605
816 0.0008215471729667407
803 0.00084217411634956508
819 2.5406639640519323e-05
866 0.047763931259694276
847 0.00092779762927164603
846 0.00027030554377438249
863 0.37654568077927086
885 0.060654898629505113
843 0.00046225053980183234
855 0.00225019381646225
889 0.00062904734636512938
971 0.043800167751824791
945 0.049820259994171133
931 0.0054583243541293288
914 0.0040316567512677206
900 0.018449160797968284
896 0.017689068790661015
895 0.024002303740525591
886 0.028616881523457302
961 0.16127609647278013
954 0.62054052346790389
948 0.16873320751804671
940 0.018545404562831363
920 0.4691364241416604
934 0.0010000058568224784
943 0.0027221126526539986
905 0.024335309326326819
917 0.075415059601269402
882 0.021465718593313553
951 0.013246920626974256
910 0.0037396871135959866
1012 0.016285827717052156
1011 0.0079286132082616728
952 0.0062435072343092366
938 0.013221640795369133
923 0.0062444246477817641
919 0.002638947616949076
960 0.0053410790861493579
957 0.0059629192269602506
1004 0.030866066655428941
984 0.010033933919339126
955 0.0098708343724270824
936 0.0078237072197264619
916 0.019448920668927928
915 0.0097841546210762978
909 0.012210380700437973
996 0.056634617443341348
991 0.062034537857536723
933 3.5131016724744553e-06
926 0.03197638794318574
980 0.16110902179181685
973 0.060847348706158294
988 0.061572435942185776
969 0.013829226347176347
927 0.05646488281028731
913 0.37417040577286681
903 0.035226746296154826
1031 0.011005249873077086
1002 0.0016289256404189211
981 0.003669337632464408
1072 0.03553517577816491
1068 0.10711254572066928
1050 0.37429065420020396
1046 0.048012944454503013
1035 0.40376377962020243
1029 0.052886999004302715
1092 0.84123818208900014
1081 0.055184590785902231
1153 0.0042182240292760187
1130 0.0053085951556977023
1122 0.0051705060133811357
1113 0.006418053173028326
1089 0.013072213569613527
1086 0.0024462277357052489
1076 0.0029968419626856097
1066 0.001032982814011671
1064 0.0029487310266843982
1030 0.0030917859840924873
1014 0.0032894811424973663
1168 0.017437631331491576
1152 0.010686798706154381
1150 0.018702098080602515
1137 0.0060868549723267756
1112 0.0087878101206260439
1102 0.017098100851106125
1096 0.12695450440740366
1085 0.037698271814983302
1231 0.0042067042351564736
1220 0.0070338092936676035
1143 0.0022617232561750085
1103 0.0056771422115782623
1005 0.0010444728603834694
997 0.00088823628299231538
982 0.00040063437098147522
993 0.0002920529827758582
989 0.0015404420856795378
1003 0.20073659446318359
968 0.0010643243750562473
953 0.00059888307169213056
939 0.0012609802795473465
930 0.0010913190651047754
965 0.0081567180328069762
994 0.007565980251492993
987 0.0056220664655019879
1020 0.0068988197037509686
1013 0.0070201113386273214
970 0.0087620278599387577
1083 0.18314639199013424
1059 0.50320715955812956
1058 0.46477040247237322
1057 0.024481505792016776
1056 0.018203190834104887
1041 0.014388341032177518
1040 0.24190813881636961
1133 0.033890088094070327
1124 0.075651868228397784
1117 0.5113772336768323
1107 0.15040856757596194
1105 0.59711276363917132
1094 0.65748134065310015
1074 0.047341623118273675
1067 0.020633845199177769
1038 0.02286493808216708
1009 0.028367127934118136
1045 0.16012480630202783
1147 0.01572343713428135
1145 0.082168585370641048
1138 0.31918749587743916
1126 0.11291727756497584
1115 0.051921770575090113
1109 0.056211460779523992
1099 0.12492741299272904
1088 0.030003916339202186
1079 0.020474639968011726
1063 0.01648905913773973
1028 0.028741758755668673
1022 0.028715279768182032
1017 0.024633102277789462
1001 0.0018884154141455157
985 0.012326479664369377
1060 0.021987340411370397
967 0.0077811976535178242
1047 0.00073131660036509973
974 0.00088682032429477926
1131 0.0011694968948807547
1110 0.00091101669101194152
1073 0.0053292794688240093
1071 0.00079336917338567131
1051 0.0004329965335952209
1007 0.0021103055037119752
1016 0.01379839389956994
999 0.00026758508683333781
995 0.0006642510433988631
1075 0.063616888425092222
1080 0.029866187477513892
1023 0.000257113846204651
998 0.0016596737019717064
978 0.00078802448998150721
1053 0.022095907096608892
1078 0.018550540231004168
1039 0.00014699139406038902
1025 0.00013816184967554822
1000 9.4867250185804282e-05
992 0.00012981082782810693
1006 0.00033074435813500825
1097 0.069296950339600524
1172 0.14596398195138488
1169 0.40949726064684966
1164 0.010259126606362572
1159 0.12381067129273286
1157 0.0052088781554392085
1132 0.0099845380334676725
1119 0.033854158881363276
1111 0.028647663549505424
76 0.015569496562891956
1 0.0060540870443944132
2 0.0032272949170611986
3 0.016012739485912125
380 0.018212168669684677
256 0.018234784673545709
135 0.0078275667256771271
10 0.091962495091509389
158 0.014509124110816694
67 0.015168160733944292
40 0.007863298014586885
5 0.0078848213525991081
4 0.0061476743912261397
6 0.010116283525482678
568 0.055216668113191668
562 0.014360962331865065
556 0.056007101003623203
547 0.018742524562432864
500 0.012317280787732154
467 0.017759882140364808
427 0.031608338577195028
423 0.013867434679160278
369 0.033745777118612388
367 0.02042455981451358
358 0.014658443257285873
328 0.018536436588932202
300 0.017629341691476567
299 0.017649075392690085
257 0.011159334930736878
254 0.0066788870523224126
253 0.015142126489572442
205 0.015387401493022075
193 0.011318838383935296
189 0.0066627370713841514
118 0.018781069139491458
104 0.013122013606983864
54 0.015525295043524052
11 0.033296747247301875
9 0.0095472613849403327
7 0.0078883184817885588
41 0.0050295981882378417
42 0.0034926425165055846
8 0.0035818930781127468
63 0.0036401484371520487
77 0.025640580546275903
12 0.082867390018627252
226 0.0095023350989381049
150 0.015459087879507631
139 0.021409225761801088
125 0.026374123923939091
255 0.0076086661483612096
251 0.0046382695490014784
239 0.016413787123406059
384 0.009061135353943749
354 0.008226995065930864
281 0.0050819303030024757
424 0.0014939418177351423
386 0.012414524010679412
381 0.01175321858484491
370 0.70647575122177342
356 0.014260677805755864
351 0.011446881966052182
345 0.0091848787263082831
321 0.033487069764923334
140 0.031079035188255489
126 0.028678517109268688
120 0.30147312634873547
94 0.088585619203852772
37 0.080485434956812665
13 0.035066667662858965
14 0.056793218321337657
85 0.21737090677165782
84 0.10365206117067648
52 0.092131530236135739
15 0.11787674325085173
164 0.014230387487713356
138 0.020748987751832898
123 0.057452001311972124
209 0.0079948595267828691
196 0.014969268853448771
182 0.0021413421551927801
181 0.0092249607462302138
176 0.043148249516946749
16 0.26522310689720774
78 0.65464481785777606
64 0.60307208253937206
17 0.0032935346365489098
62 0.2883356826656745
19 0.4093705781073374
18 0.18675604229516407
83 0.82354829000364704
79 0.35057798716459321
55 0.1399937852230061
20 0.14850535438448334
75 0.15698080782020502
69 0.2056747773869001
68 0.11165115842312942
61 0.065530620472016118
53 0.1966846618545571
21 0.084723439251807878
72 0.388680230688077
71 0.21541871414256836
43 0.10789463439619651
22 0.08248575428311071
93 0.088139305710701735
87 0.14371447718888769
101 0.0082329908835623404
97 0.34093526216625936
92 0.42126910961432679
23 0.10537852506526325
73 0.49900313185381723
106 0.97922542341792318
80 0.013843450730219227
26 0.017013440735388033
24 0.028437635842671033
25 0.011747268692758423
38 0.0058920972343394244
27 0.0035619694075208815
128 0.083389938241689457
119 0.050596531181020102
115 0.0095891529088746093
114 0.0098268501919577152
111 0.027500273172070742
109 0.030133563142679808
108 0.018063461012328964
100 0.015697085782663427
98 0.001532357391538987
89 0.0011135737711007807
88 0.035264203612858668
82 0.00056977443411693044
44 0.0004212636639485492
28 0.00025366810733943337
45 0.0003617761610565101
29 0.00017223734927351552
70 0.00071720960337126626
39 0.00015298085854116263
30 0.00011207163740320814
65 0.00083028977421110138
31 0.00023197455316419313
81 0.0020279490666057199
74 0.0008674294995727462
56 0.00073333988254967392
60 0.0019251699371919838
32 0.0027590265675371574
48 0.033761056925222542
46 0.0083308403790101643
33 0.005545530512417773
90 0.0059432243948429843
47 0.007807614533910775
34 0.0063991180986836581
57 0.0059698250424929456
375 2.5558087030724527e-05
343 0.0035990897505150626
325 0.0082062785352904986
320 0.0050320863120918618
315 0.0047614022255194266
314 0.0068186668253946659
302 0.0035135514370518883
298 0.004302338466428972
297 0.0020610526986179251
283 0.0072706016029660675
280 0.0092100933982174268
273 0.0081086295510262932
265 0.013379925034904896
245 0.0080684614809928088
242 0.0053538154840612837
241 0.0035061401890131559
237 0.012886005012313229
236 0.052116239190020064
223 0.64277671930501634
204 0.18189650317382738
180 0.016381012555976397
172 0.011416491107280163
169 0.010675908239960312
161 0.00015354529077032529
157 9.6608975912111371e-05
130 0.0073328076561667383
117 0.005289399175660024
103 0.0040435214131154659
99 0.0035463101678685116
96 0.0044970793910381474
66 0.007051297311555061
58 0.0077853325045723603
50 0.0096501933859561382
49 0.0085524685222329484
35 0.0076969414666261211
51 0.0047853099265443124
36 0.037500550741283056
1900 0.54005166272442762
1787 0.27491454360818174
1744 0.092947077783673115
1740 0.050940903999141529
212 0.010877814715477573
259 0.0050771565863044332
217 0.003404955067756771
216 0.0028418004157185011
137 0.003421527287888308
59 0.0013664683320241174
624 0.0089247751032992505
549 0.0037791243635173807
487 0.0021651928523900412
479 0.0027281953941722952
476 0.0015259186140493422
462 0.0028953254284014821
449 0.0025783657552113683
418 0.0028636887276347854
383 0.0030922530813160668
329 0.00722803879873071
324 0.063619007618303108
1311 0.0022087042574209662
1290 0.0075009613539882506
1279 0.0038801168809160461
1266 0.014712127690260878
1247 0.0055561787951695684
1209 0.03123673577563945
1195 0.0088604701352590718
1173 0.039056960690230562
1158 0.034051300254127712
1727 0.11600185436274563
1726 0.56443404766240257
1668 0.016620921544837377
1644 0.8996541549663355
1611 0.034477559163966921
1572 0.049627498418678959
1571 0.23441270073355894
1559 0.03208733675271716
1547 0.15296609839866768
1535 0.43281288630657105
1528 0.020195595549340431
1520 0.12376128595921648
1495 0.012097119567416643
1457 0.022821400145775095
1443 0.023177131119824026
1420 0.015630159518921639
1387 0.016580049038516991
1371 0.012072445980939804
1369 0.014250370727183099
1368 0.012878478877042238
1352 0.0089765683404933773
1344 0.009756485190170543
1343 0.0061089618822129585
1337 0.012655333115437709
1336 0.17680787944319906
1793 0.22660669198026925
1892 0.78727013889985231
1838 0.83244464248620709
1912 0.26012177911488116
105 0.058150479274337731
121 0.21468447726800471
110 0.71094316602270602
95 0.00062743147915577855
91 0.001371922119019525
86 0.0031971023538583899
171 0.0038419207487773357
258 0.0035930589966248726
149 0.00074529991187650285
143 0.0008839697580836144
160 0.00059856142440106101
148 0.0023118221769537904
144 0.021790438866880368
167 0.033122578663052793
233 0.0097393453602190819
208 0.028663506904858596
199 0.050371606670436594
191 0.10870755731876651
187 0.63088673468308443
252 0.1876882953250589
238 0.13337281964872771
227 0.80920891253271476
222 0.68288882122151762
272 0.0055532042337965281
264 0.010061521086041388
263 0.015640280723513714
261 0.016951719290837424
250 0.0078454693650239112
246 0.028472405984783292
243 0.041737915818713424
388 0.0023604627606614386
350 0.0043633178462361907
338 0.0042656990217229693
366 0.0054087119857368421
353 0.0040545032202251351
331 0.01250712102432886
310 0.0038694319952942459
277 0.0034391704405736714
116 0.76182392868636728
122 0.86303707742297786
141 0.78108455432215695
136 0.23289581158421224
134 0.59073762902787708
133 0.17692672351719205
132 0.81674618641948349
112 0.61868760119185251
113 0.99653942876325319
107 0.00051091798962891218
102 0.00026022615499681721
127 0.082884700310821915
124 0.047447814714017211
153 0.15871392185650726
147 0.1405368594883252
142 0.77624290777524552
129 0.27106458027193414
131 0.03498825048481978
156 0.10709105260205684
151 0.16437493800584244
166 0.012958037849140623
159 0.019296327323806723
155 0.02172642602630943
154 0.07835329562611848
152 0.52404083899267373
165 0.2597109813547957
168 0.7470201846636122
162 0.58200596353978284
146 0.60795902583701333
145 0.053222160938472374
240 0.0048239967341912118
175 0.051705298699430725
174 0.023328234935973673
173 0.13918975873002482
170 0.060677584013372053
194 0.18570557609055074
185 0.11388722370584958
178 0.05538597176671544
163 0.47769917652080168
186 0.020662764906749977
200 0.016688728155799245
179 0.52747824359146589
184 0.59618796539528818
177 0.3486983378557551
197 0.0034755445482825905
190 0.010087509640439092
183 0.041978197589855909
228 0.010957824787516782
224 0.011381838219411017
202 0.0411810385335327
201 0.017520727947462452
230 0.0042976643579048235
220 0.04591598432525186
219 0.09158360637791596
211 0.22370423223222941
207 0.059198570495272176
203 0.54543694408792331
198 0.46764183339774662
188 0.019381070312938831
195 0.5041432380112576
192 0.56404705265935873
215 0.10123322257847767
210 0.062913421287277213
206 0.15350088625416927
214 0.03541000485016265
213 0.091995494310306583
232 0.027591281262669073
225 0.031775193133709571
221 0.78125888101343177
229 0.85702473804121493
218 0.015124792609650922
248 0.0051248908194736252
244 0.0046654335158868724
231 0.0020332850768125812
235 0.0096205103878814688
234 0.0082170721204340037
376 0.01930304882441505
336 0.0087558590565924091
318 0.0046951645502187698
317 0.0049831901836453899
301 0.0050636678477139893
294 0.0029500621300716789
293 0.0025363128632802955
286 0.0023491097343924842
260 0.003544851052435728
898 0.0012246316793333414
876 0.0043282195130334008
810 0.0065534792270395773
784 0.014023403312547165
695 0.010812866770487369
672 0.01515651522070968
632 0.017354157878439275
626 0.50587463261804977
609 0.025684207282403938
605 1.8215267638340256e-05
600 0.013862108079010687
413 0.01446544369857874
391 0.001942583749512728
387 0.0084501093708961531
364 0.0075008638395989598
352 0.0074350092811996792
247 0.019637574904684551
249 0.006576717666390587
271 0.0044695940860202338
269 0.0026721312138373327
268 0.0061102238540493526
289 0.003188237647467106
275 0.0020472737906975717
266 0.00164054126648986
270 0.0067175533114815214
274 0.0059086853129844954
262 0.0015640882654136534
285 0.010420023463924295
284 0.0013509916774799523
267 0.0092348186668292781
288 0.0065720214070625026
287 0.0055295109256403695
276 0.0043853334521976794
305 0.0035037298884074645
279 0.00013346682321246068
278 0.0041391180393973211
295 0.0040493526187183951
307 0.017865717529127075
306 0.012589277384238581
290 0.008022327719174974
282 0.0070521520278424288
292 0.012215809626975343
316 0.13315800062315722
312 0.47345585209027774
311 0.10997683421007971
303 0.019510640507337498
296 0.033902708150924082
309 0.0021462890546222126
304 0.0031038211543310016
348 0.0015395735650834126
323 0.0093574751165780585
322 0.0016291463365881635
313 0.0017086774255724566
291 0.020694301202895865
326 0.039456149343039343
319 0.00071254160665526662
308 0.0036302999449293861
337 0.0098986970451578424
330 0.031135525889180098
327 0.038785760048391307
346 0.061932596038518833
344 0.027616996434738188
342 0.82792335383979032
341 0.15636828416577128
340 0.11644193323399392
335 0.021658972490982899
334 0.043317087001374065
333 0.5446595538099922
347 0.013157650831371546
396 0.0084837567342497724
390 0.0024846962877760289
385 0.0026797498004102601
368 0.00090310201348874227
389 0.00070663573532506099
377 0.0041398174153264456
374 0.004996176889573916
373 0.004810036229512457
349 0.013416113859370351
357 0.0072526355309680676
419 0.055240133691428266
378 0.05455422731036217
362 0.052568330299913466
359 0.013136729602756379
355 0.013345365320145641
332 0.054728049111024732
339 0.60197211927874872
409 0.002356061136609135
402 0.0063666665938741937
382 0.0029010713802390372
415 0.0028501889101481366
361 0.035970252129556207
379 0.020700795570694368
371 0.016762091718056302
360 0.018428445004653769
372 0.00071988027070106931
365 0.0023458861220796972
363 0.0052043183337972514
397 0.0039752859597526821
394 0.0019057706885344992
411 0.0024520672156412796
395 0.001107786107179404
398 0.0030061138334586644
392 0.013962255876901825
393 0.0004837978410316
1166 0.10387023971024305
1201 0.022162045378335507
1189 0.034917966859391386
1301 0.0044005153456426064
1293 0.0027676074203110052
1270 0.0048475320255614322
1269 0.011574271915473687
1262 0.0038324640426903086
1257 0.0036280357834643172
1252 0.0021573021342094086
1248 0.0055488265085548568
1215 0.0034788214744337141
1188 0.0019630493955959793
1184 0.013028472306056265
1196 0.037195730339169376
1236 0.0087664938217166324
1298 0.0056843421974835081
1533 0.6855776490768416
1526 0.043231695236833553
1519 0.013477178258263131
1510 0.64749183892563411
1493 0.13131823655048822
1454 0.020293785678703075
1406 0.21827912939402902
1320 0.055553138162869553
1534 0.02590093519890032
1575 0.039471035850967992
1554 0.051370922783356039
1634 0.58214431232522756
1631 0.16287436639104491
1614 0.14606504008631035
1643 0.66912676600416388
1738 0.1849910575134949
1724 0.13768337914280668
1719 0.27664100585556811
1700 0.93641117600143708
1694 0.69467883245744966
1691 0.63339021231713577
1686 0.78198606492721789
1663 0.74771738033042567
1784 0.68390014569824586
1761 0.839304808112593
1090 0.057502293890701467
1061 0.0014051197901599982
1125 0.0051495363159680084
1121 0.34080411387884774
1116 0.29699288316169831
1098 0.74064365892814343
1082 0.26663147338797705
1070 0.12720007760207733
1018 0.00035622158198731174
1033 0.0016440496798339208
1021 0.0011310206021121702
1054 0.017595898615531517
1048 0.019526197439110968
1034 0.0011748598469041142
1148 0.7805915449964802
1146 0.83389278911375775
1106 0.79251108659126013
1186 0.62432695821214657
1120 0.69163801114529422
1165 0.81228702664862118
1084 0.045764323147432756
1055 0.0027591650872900038
1049 0.011115664037348566
1024 0.01330101153157973
1127 0.015572085786179142
1095 0.015178989804077251
1144 0.098095742555092041
1142 0.17466391239870308
1140 0.82757418952478756
1118 0.58534878781331345
1136 0.057049570071215215
1135 0.023454019661827138
1190 0.71364306166906366
1179 0.1222403302887534
1213 0.79547572685799772
1198 0.81567810255633744
1128 0.013056544080933005
1151 0.23923212777738662
1162 0.72272113899646173
1155 0.2139511888397031
1170 0.081609305534160168
1141 0.037702940602652911
1101 0.4307707991315457
1091 0.27230661902339948
1108 0.17650148218352352
1181 0.050916179087090438
1167 0.92682763241085153
1139 0.034020513439673841
1129 0.058996192922888054
1123 0.079389061311915907
1114 0.21733350191154449
1134 0.24605691498377916
1246 0.0061562290185467709
1149 0.0384194955127359
1205 0.11043091980924281
1191 0.019174523890923157
1174 0.73109513999015008
1306 0.34003254908830349
1302 0.067423596951740855
1284 0.12916184593749749
1280 0.53570212448650167
1263 0.41346274629113655
1216 0.19395925142980805
1203 0.66306415559077791
1194 0.079062611539014491
1177 0.015412190411188484
1175 0.017173024318443961
1171 0.0067088877983943742
1223 0.46583312658264198
1222 0.4245582678925095
1206 0.25035811687443826
1202 0.59603454653134147
1192 0.74637789125087861
1160 0.010180726022298879
1180 0.0077945772396662699
1249 0.007516988513963976
1235 0.0062533054973405574
1256 0.0025491156644760105
1255 0.0077642999139202551
1237 0.016034989712865731
1267 0.5975344007845611
1244 0.30417451241846638
1230 0.33431069714835138
1318 0.058019736630203426
1303 0.065816712655020093
1281 0.12168655237579895
1258 0.047398226867033072
1250 0.10548117464091224
1210 0.0549109232984068
1182 0.034639897538276711
1163 0.018168491694629699
1156 0.0081488034697675352
1332 0.77154797538263709
1211 0.56069176820707667
1204 0.022153219708342803
1187 0.28312641484812323
1176 0.0098491009737876421
1275 0.055774257225572332
1265 0.015717908690517101
1261 0.040974467553654616
1254 0.012043790154065367
1243 0.0021822483143041555
1221 0.1441083330624543
1199 0.044594958670735874
1185 0.011780139863837953
1233 0.062602076688970956
1197 0.016570307517959217
1200 0.65165951011951595
1232 0.8244531627082905
1227 0.82054068547142944
1212 0.6679343943313556
1183 0.22011288826485106
1193 0.37608622381437934
1178 0.030041062241856421
1226 0.3965529636795761
1218 0.20307153441196218
1207 0.019332848720699115
1219 0.060086277353999337
1242 0.58171479415664584
1224 0.1275701128636369
1319 0.063320251821909326
1291 0.69321581018172351
1334 0.52178860874256705
1333 0.056504449634895385
1317 0.51444388234250349
1264 0.20962450758555345
1329 0.11323837446172591
1328 0.04360476622221468
1327 0.13083700742852356
1338 0.050512715523724959
1356 0.77930321465458219
1342 0.17309303309625393
1217 0.130519128657757
1208 0.78408220445140542
1240 0.83584049331933175
1239 0.74300769198007932
1276 0.53054372877848288
1271 0.63559020041104664
1238 0.64228012058184925
1229 0.63157860940778421
1308 0.31902280597217397
1289 0.86942139017073916
1331 0.23166563073421162
1214 0.7822019426320046
1225 0.67384478846491669
1234 0.6817599941235315
1228 0.31582275250502295
1300 0.05694957971098575
1299 0.01742248491754908
1288 0.0024184702895257955
1274 0.01104071754439806
1260 0.49707604880802564
1259 0.55744572436539186
1245 0.27865133805705244
1253 0.6802958259838815
1285 0.64154911920428426
1283 0.41298904085871863
1295 0.012912240428230536
1310 0.029678202606750366
1309 0.0044551734270294905
1313 0.87405210347539941
1287 0.79627515529960524
1273 0.41088352994816663
1351 0.046972255146871512
1359 0.65510594421855795
1354 0.86474433653923666
1326 1.0949734267480866
1241 0.7409935791599731
1282 0.27563424556697563
1272 0.61547977046426328
1316 0.00088310897272577923
1305 0.0018048400660427265
1390 0.017208222834407205
1377 0.0094300971377758447
1374 0.02090606054928287
1373 0.0090510946457297223
1367 0.015092448640053813
1357 0.041182191552890809
1349 0.0047906965067970276
1335 0.052840429038738417
1330 0.027412069562572455
1322 0.0073050860173351894
1278 0.007125565740143544
1297 0.0010395971889736427
1292 0.0035330575254835257
1268 0.026641612393153713
1277 0.58075146915668052
1296 0.50959685769702046
1339 0.53904134836596584
1286 0.4213497788184084
1312 0.81223740429471547
1324 0.71858422554003998
1358 0.26562436964307906
1251 0.13597889044476685
1307 0.77168711227397102
1294 0.72466204014717794
1382 0.61887551666652563
1378 0.52406493942019439
1370 0.7295299126723388
1365 0.88319515121520409
1360 0.013080173415526626
1353 0.8344218212685135
1345 0.013552855183769443
1340 0.084148437502326215
1323 0.77999796279068367
1321 0.79139875437493534
1380 0.3823673825504364
1361 0.4567239530750975
1350 0.79310015868442019
1445 0.69802683614568717
1403 0.46368162603309071
1315 0.96936410075650015
1304 0.18144366163977219
1314 0.0021710510653261622
1376 0.051832231085798694
1348 0.10216784499060179
1346 0.007236612808962456
1341 0.0044303576887191358
1402 0.015360575027766001
1355 0.50547271737875721
1427 0.022099118259739967
1424 0.26514706057195953
1413 0.0067160065891450071
1405 0.022414621010272393
1399 0.0038491717334870877
1366 0.046571516973698476
1423 0.026922601800422389
1422 0.065040162444988461
1414 0.032691599185416587
1386 0.0067761163321270476
1505 0.36023642061841604
1491 0.30945463406958157
1462 0.19400274740601978
1448 0.78836459973505058
1430 0.35123045758671129
1416 0.51251533789771453
1404 0.26534839117117864
1388 0.3098397312887502
1364 0.61571304431016227
1347 0.79384208737370576
1325 0.70841782649615059
1411 0.56719032612176457
1389 0.76733647284981688
1383 0.79415906869490005
1449 0.81810130193812569
1432 0.73601617606766623
1421 0.83439348358061716
1398 0.41964699420143359
1433 0.69571664734215888
1412 0.7848464033995578
1394 0.37460877877913656
1393 0.76877750846162185
1384 0.95615023132650312
1362 0.088960232068427972
1486 0.095425739983838187
1472 0.18331558778861298
1401 0.33058527485471279
1372 0.79718818008156644
1463 0.3724041514718629
1444 0.84468119860855007
1428 0.62412932560407319
1417 0.25030895519782392
1385 0.89955455836679965
1363 0.79061612038820961
1379 0.87890071721897645
1503 0.68239973186353053
1500 0.30769607416237688
1473 0.55877696477674765
1458 0.36413606536828957
1407 0.16415728998961213
1400 0.92788439486317809
1517 0.77812043957498334
1489 0.72877345935621141
1437 0.320535758283302
1425 0.76202331981108484
1466 0.78516777562855522
1446 0.35811321714359168
1381 0.66250744743388135
1518 0.1509104270245282
1487 0.4191366026945797
1468 0.45353889925506213
1543 0.83260263952883207
1539 0.8072362737195754
1531 0.73969955590958802
1511 0.69551465970324167
1451 0.081719215370038442
1440 0.23783716546625072
1429 0.067983704905084388
1596 0.59769701355877525
1595 0.14653091798875892
1590 0.5512364393672563
1573 0.24610283943780473
1550 0.27706662355971534
1545 0.69808482848089559
1395 0.89531012208591776
1469 0.76207851272768712
1484 0.56630529476622915
1488 0.17064362927966761
1521 0.27213244384804575
1512 0.24786038988099759
1482 0.96163527803591853
1464 0.50631188332442834
1431 0.054613536403524246
1426 0.45209207722848044
1453 0.64550070963550388
1418 0.59620483708107386
1408 0.038343146792088653
1392 0.022181134452640208
1391 0.042683554572344129
1375 0.035464364501588116
1397 0.81281322886521723
1396 0.76039019241985017
1570 0.68076481763070495
1546 0.076289546969388514
1509 1.1690581261205244
1604 0.040725719110229479
1593 0.073873119807100721
1581 0.019947421737646315
1563 0.30880221865447649
1574 0.70293178383126098
1568 0.61064558060622154
1450 0.71047291849979965
1438 0.0079855041730684789
1435 0.23958352616835787
1480 0.040215841300877991
1522 0.36238968063060784
1504 0.15610381769533843
1536 0.49579826330407761
1442 0.19708559959836011
1561 0.77288636905546515
1560 0.79221271616205946
1557 0.76224501427425517
1538 0.70940677933444207
1502 0.11959805083321942
1409 0.043561713590011812
1612 0.67024540374660913
1537 0.051542256343476513
1483 0.086600531330107366
1465 0.038301782279490236
1470 0.6635105287940688
1467 0.72237857456250509
1506 0.11331335056445631
1499 0.65955536882245069
1492 0.73303940000239132
1410 0.76976769966208702
1434 0.7893643570556127
1436 0.48485890223370698
1515 0.41800390840965851
1485 0.64835388605096989
1441 0.14308053088769679
1419 0.078051417753694535
1415 0.054140353058642163
1447 0.040626170480130869
1452 0.11345983611297759
1490 0.85336665657999766
1455 0.69978980074110253
1551 0.82474032109831164
1564 0.78851645669449155
1471 0.68474051416162685
1439 0.017493528626725728
1459 0.058770816738234907
1460 0.03000887057173144
1617 0.72082043290069353
1594 0.40542521949596416
1589 0.74349723272060053
1544 0.21611825911785648
1530 0.056447345160531522
1474 0.0075519595437615822
1623 0.25528162437994406
1599 0.72517436225907317
1582 0.77430829002321977
1553 0.42146230161631404
1651 0.77577255534195499
1641 0.35054990630439153
1625 0.74266329777209128
1516 0.080072295076058148
1479 0.012527811876268332
1478 0.13912711665532429
1476 0.061119227795241364
1461 0.09184383085815212
1456 0.15637017176483248
1514 0.64247580211381294
1494 0.42431225020668767
1477 0.19107206792528247
1475 0.64514384945311065
1497 0.33238587135902564
1496 0.24289347783703916
1481 0.30483203041060375
1541 0.57469746409080413
1532 0.61288947243434932
1498 0.59627622576498096
1558 0.57232865855121207
1567 0.27184391399521457
1501 0.49771422515947378
1527 0.78583427606882317
1525 0.74826645072273579
1508 0.71462348289917521
1523 0.26782203472164551
1513 0.62466219659595068
1657 0.17546485954873262
1635 0.98804678347496622
1607 0.79810240477697825
1591 0.13225554132371042
1576 0.13626491744492888
1555 0.17755574902633928
1507 0.24440558036513244
1529 0.13692006193073974
1524 0.091379393476495846
1608 0.77993582707232723
1587 0.7680752870226184
1569 0.70857649929529609
1540 0.23217085528080558
1565 0.63707673800514564
1659 0.82203966363893954
1650 0.86847461827375327
1633 0.86925074934412261
1621 0.7624153682757473
1588 0.59422779798442193
1771 0.83115897154614149
1760 0.78101752780077194
1749 0.78469078778710988
1733 0.69524547680669446
1711 0.73651978611983759
1703 0.80941570211276315
1696 0.93714355919053616
1693 0.84535775572473504
1683 0.86298383904361142
1676 0.95332554447075291
1673 0.019414723586681948
1662 0.69402328166837934
1661 0.873795413728509
1637 0.87036725358611877
1636 0.8613313217060018
1627 0.75221793812183568
1606 0.5139076238834458
1603 0.041384717722025011
1602 0.31375341489101777
1579 0.79237519686031133
1542 0.7977813116092709
1577 0.39354444176277847
1618 0.65125011364073071
1585 0.1450700500163461
1586 0.11196006727518167
1562 0.93070362272231244
1552 0.80142590692784765
1584 0.57250225567135482
1580 0.81281805699685772
1549 0.80046371554202611
1578 0.57765196649830897
1632 0.14699876979483636
1705 0.16046835947961738
1704 0.24911530995938241
1692 0.15404420125995014
1688 0.63579782339294977
1669 0.23508382214708692
1655 0.16505008758758602
1654 0.27654487141222805
1648 0.2153719766152199
1639 0.78148034195671068
1628 0.27372253410974101
1615 0.2153988511734215
1556 0.26548893706600601
1548 0.2948163446232005
1566 0.14036894863836077
1620 1.1033248279506584
1600 0.64579416478633656
1626 0.73591494615264963
1605 0.35667248851770122
1687 0.31782058021732185
1685 0.32164251011972889
1679 0.66351463149461243
1677 0.48186832735615276
1656 0.29730458926529313
1583 0.41780016835970119
1610 0.90199415398045657
1609 0.86948911198752965
1592 0.84255964797831928
1645 0.79220834340284429
1667 1.0380557052438446
1737 0.87505031798360033
1708 0.83403644869639626
1759 0.74102807677429372
1736 0.7828915284114969
1808 0.83033038420483907
1826 0.24993482920872748
1809 0.13106009620279879
1783 0.72818156579920801
1820 0.70619940151181204
1847 0.12225656193793411
1846 0.16388959826229027
1837 0.074278948147952537
1829 0.13197463868309292
1597 0.80664378674464154
1619 0.78199910041559451
1735 0.57120706640272234
1720 0.83102690739125851
1674 0.3701201969384651
1629 0.057075467527619002
1616 0.12534783091391807
1613 0.084165135441362837
1721 0.24148502814175052
1715 0.80261409114051041
1707 0.54715179552559268
1702 0.83604732021844008
1671 1.1723565439313928
1670 0.8489032114417111
1649 0.87141878261995909
1647 0.76572964640680585
1638 0.83190143964706487
1601 0.23534657445484813
1646 0.81324706711093198
1598 0.77724635838659317
1675 0.74910834945092986
1672 0.82626338264659582
1666 0.72320474990182937
1681 0.7338383035598095
1698 0.4157208602500071
1664 0.68732235026862099
1653 0.76107457341929863
1640 0.62684759537858759
1630 0.22764965753392208
1622 0.85455899220496012
1713 0.3702630575612047
1680 0.61168207407047159
1658 0.35448513136816218
1624 0.18084653260360198
1684 0.41871525894722461
1652 0.47983091800196215
1717 0.77735327955419564
1725 0.59850562615336322
1716 0.6899670574168546
1660 0.38022153450494289
1642 0.8047265244600148
1682 0.60534485437949481
1734 0.59201674906327284
1730 0.81199929249669411
1706 0.26868533562929525
1665 0.11359957815331051
1836 0.82749895275096097
1828 0.74606944383239171
1802 0.054662567639329959
1785 0.1955938739338795
1765 0.42349313962031576
1699 0.36684424991918535
1695 0.76507931986652156
1766 0.25788841532378814
1745 0.52975853828251118
1875 0.53271703297894557
1804 0.31508397964205298
1800 0.14461629001795229
1709 0.080608066054559155
1710 0.18300119658970143
1729 0.55062266142613958
1714 0.59899734609587063
1756 0.081831583263555108
1754 0.07078282622954539
1743 0.170113281494054
1795 0.16753435050425738
1791 0.05273103532713265
1782 0.63289122939299503
1781 0.12883651555727094
1778 0.084510242958210413
1777 0.17402906410110791
1764 0.54765382436460375
1763 0.14268363628946651
1750 0.30821137522262432
1741 0.59606159002295078
1747 0.29877708865224478
1697 0.81435100670733029
1678 0.69947669820115288
1689 0.8631991827649278
1718 0.61052582496886099
1701 0.66184156721150955
1728 0.25708386729500216
1799 0.66052818781825484
1798 0.26492894196161548
1758 0.7667393201797843
1748 0.51791224851378603
1731 0.70938977211725163
1722 0.82892694114758692
1712 0.80023162115255364
1690 0.74383409526957212
1767 0.054652744785581485
1762 0.1321051725684711
1752 0.99999997129500651
1751 0.10141361703363838
1746 0.8041210460073106
1857 0.1011847632314926
1851 0.83019581514610641
1850 0.74628524464168833
1834 0.39059759906417318
1807 1.0841440938784337
1723 0.82987918890875234
1742 0.11409638660181309
1775 0.80123522415700443
1774 0.69263379612309628
1768 0.72923764614035946
1755 0.32570763046440743
1753 0.61740256896394141
2041 0.58314036934642199
2040 0.50168307027386716
2016 0.61340653418176572
2011 0.38308135503558671
1998 0.63061080762251442
1990 0.70200251422622806
1982 0.11697961579648573
1972 0.75361777717668432
1964 0.35197085327722472
1951 0.31012848569758622
1948 0.17646408490324325
1928 0.364871280230324
1917 0.51919734790097294
1915 0.35777489715420091
1885 0.38674823344052356
1872 0.80132965769138342
1867 0.60108903191160667
1862 0.64859915809538582
1831 0.069072041585446137
1827 0.2180667452807051
1953 0.73535084541644224
1899 0.82875888596210023
1888 0.85587957508161228
1882 0.15463985834383803
1876 0.58779684635491392
1739 0.72086804693008033
1813 0.76391511245337407
1803 0.70977363922420444
1854 0.11001239548816498
1821 0.24988345355830377
1853 0.72412131162625359
1833 0.19270504541878747
1732 0.81913860685085116
1806 0.066589587466645589
1790 0.10350849282444564
1770 0.076063359433814717
1757 0.14487676878759242
1866 0.077668240699381746
1845 0.074298504238506258
1822 0.11796503686394447
1812 0.048132350410863008
1855 0.21898758387567502
1817 0.24221496838687603
1818 0.093303850021315929
1819 0.086674452517096032
1786 0.21243175848732512
1772 0.22037033117607158
1814 0.86786500797169741
1796 0.78469970242583165
1816 0.68229463852846672
1792 0.21384871103580141
1769 0.30969024801429257
1879 0.1602668481531605
1842 0.82361997126072817
1896 0.14569707027544182
1871 0.058870519276575689
1823 0.06096037349601232
1805 0.029687029349745715
1776 0.028580520594225518
1779 0.65611058179753556
1920 0.1877327593341073
1889 0.24531643630801192
1886 0.50873454843566868
1863 0.013535114023144661
1825 0.026438665322859399
1810 0.59086271816515668
1797 0.034386579221094442
1801 0.85144508056880142
1780 0.75386225042025989
1868 0.11951526592662268
1843 0.048811209472302282
1839 0.067456220962143945
1830 0.092850873431380501
1789 0.041778612198111416
1788 0.081445311043153182
1773 0.04231951739649846
1794 0.1023996506591914
1958 0.95203270199840351
1955 0.53795404786260081
1933 0.85314163345141147
1874 0.58309188174786053
1865 0.76856069782088865
1860 0.18537293439045993
1859 0.81440710631827462
1849 0.98428773138297698
1844 0.13250215319431849
1832 0.82649804837247354
1815 0.86398346563253181
1848 0.45895722048000759
1904 0.17988414832326582
1895 0.00090840968318371424
1878 0.20374137398670011
1870 0.50142997267906286
1869 0.33050408551232319
1856 0.13265665618891154
1929 0.82069434824439558
1903 0.20702725069364933
1861 0.44548515791344601
1858 0.33012016124329524
1852 0.094890524454701308
1840 0.79546172859417918
1811 0.67867773067343229
1841 0.75913095808377218
1910 0.23900630512811685
1902 0.99999996031964866
1897 0.25944102151862131
1883 0.10980726305930237
1924 0.19394895068612542
1911 0.74307103321742252
1905 0.11244027260239413
1921 0.033495085532570669
1914 0.03831967476170426
1901 0.016570619934401558
1890 0.020599715417272495
1877 0.011977425711173504
1931 0.03127968367177205
1926 0.2331968609651203
1835 0.11976063143902714
1824 0.13473734825226516
1881 0.19266888106837499
1976 0.097968671729934009
1959 0.21576937715373612
1956 0.52342216702525046
1946 0.052765330231142875
1942 4.8081673078544739e-05
1940 0.12622530754407146
1909 0.019588661000899687
1943 0.1777438077140599
1938 0.12125563793015945
1918 0.17461351188984675
1916 0.088778671710867757
2006 0.59444692469664373
2003 0.73091967879849018
1954 0.66073253522629627
1949 0.6965758568314343
1937 0.73654740282403386
1936 0.84211243938489266
1907 0.77701962496946653
1873 0.67227672422268847
1893 0.14178407972161966
1932 0.86120539160098175
1922 0.69040692961226802
1981 0.64433278962916241
1980 0.84059592604477162
1978 0.27954758240748689
1974 0.23474989268132948
1969 0.76754369097421837
1898 0.78188527159459131
2088 0.50637007837830561
2070 0.66810591829904653
2060 0.7200958022338092
2056 0.47379618522689937
2046 0.15492902190976837
2037 0.90159434792083815
2022 0.097596068262340727
2019 0.072955367771398771
2015 0.11294894856961088
2014 0.72882834582067801
2000 0.85545381636878859
1992 0.78819734390433061
1984 0.60223299849314427
1977 0.23474372419719641
1966 0.79891499822596401
1939 0.70088041922870248
1864 0.34504676018802788
1880 0.12042826218986029
1891 0.12849963228973804
1934 0.73925059463099663
1919 0.11499198527532724
1884 0.01014634767167278
1894 0.1884756244044786
1944 0.088422935207663519
1930 0.086109520362614753
1913 0.59938228534367355
1906 0.013359191142528435
1925 0.45675305273924971
1935 0.14520241489686453
2005 0.77177268677839173
2009 0.21506315764181341
1985 0.56416041213375356
2065 0.32267914919811824
2057 0.18441468153269056
2035 0.56250475140749567
2044 0.69675132732205358
1986 0.51807488358498532
1923 0.053804467002999921
2017 0.56068080235147066
2007 0.56754324538737788
1999 0.035728468369706411
1987 0.2489128102684095
1968 0.55546350005719802
1970 0.50577724767817978
1947 0.11153839681736294
1908 0.22244068759238766
1975 0.1908206199983854
1945 0.13390077861360317
1927 0.60882736726321041
2171 0.41527341184664185
2114 0.2338487022144943
2112 0.24893264260700279
2109 0.073688947635807689
2103 0.16811765783322358
2095 0.4420038409957574
2084 0.58200764259486337
2068 0.56477938842447573
2062 0.10533839177152403
2039 0.59236246703991968
2034 0.61674407586574553
1997 0.35450088117053508
1963 0.46740278153456855
1962 0.71548099943941745
1887 0.16185516168919298
1950 0.42977332890527525
1957 0.15620673524951562
1941 0.30893848718028566
1960 0.031998738965442218
1952 0.024931171602920226
1988 0.48238055655083206
2021 0.45634682882022792
2018 0.43224752878029205
2010 0.80524616771306723
2029 0.27758252512119413
2026 0.63174714667028342
1961 0.14811962687873581
1991 0.0391898143604699
1979 0.046417092239865287
1973 0.18944695436459735
1996 0.19345197261215097
1971 0.085933278630467541
1967 0.087788369785457177
2012 0.22806347161830579
1983 0.068169551528085043
1993 0.19771380737211211
2020 0.63805462230864762
2063 0.63900473659469947
2075 0.96505775125297288
2064 0.39682743714085028
2038 0.40991295233525021
2186 0.17389326829869933
2091 0.80132289934635581
2267 0.50513858541470613
2264 0.64413506307635504
2256 0.57327319882995709
2219 0.17793603222811477
2218 0.29923343140907149
2211 0.17818324137828248
2207 0.80103424824379388
2197 0.75644996060025249
2181 0.85717102328475736
2072 0.031529968223568912
2023 0.040883901464210656
2123 0.58407053425831157
2083 0.20921132756902969
2067 0.59147503072644581
2053 0.6399583789763883
2052 0.39594271289707272
2050 0.68789002082303974
2049 0.4763095181634564
1995 0.17695435456373856
1989 0.16632747327125916
2004 0.90322308285974917
2030 0.52096377938943417
2071 0.14852212455622457
2036 0.75593742916087792
1965 0.035443361874683631
2001 0.039388439289882934
2121 0.010710053515274985
2110 0.024638539243595412
2090 0.013637135328846209
2089 0.0096699898106133945
2058 0.38667570946465724
2051 0.3308797906900951
2227 0.80692197920432029
2202 1.0720269406611513
2174 0.32110127734243216
2170 0.76408222954988658
2151 0.76900106416108183
2138 0.80530472594555658
2087 0.95029470127210314
2079 0.25367420533980889
2078 0.35678029384802545
2069 0.67420425633071857
2175 0.66618900962419847
2156 0.27986767743007307
2132 0.21646546233018929
2119 0.17204241493170166
2117 0.18002456475820924
2108 0.89477190708906118
2074 0.1957066811287192
2061 0.10548003576224997
2080 0.12027435261069869
2111 0.24248515324716957
2033 0.84265288768359714
2032 0.3642091160743634
2027 0.83472606064869748
1994 0.86677764176769989
2076 0.466763459072918
2025 0.091024577266095683
2024 0.15288299904319136
2013 0.02754296062429732
2008 0.0051677803107102122
2002 0.023019900876168967
2106 0.6980173873854526
2100 0.15307206348431021
2093 0.016589557311071028
2082 0.18497773936839018
2055 0.053993461201247955
2028 0.82466435436520313
2042 0.60188282860678788
2226 0.23806751936847581
2206 0.096215328760767438
2140 0.18154760400552672
2130 0.042899940579275452
2096 0.070745355134292323
2146 0.23816015326934176
2124 0.34376355009267723
2113 0.16472778033089683
2097 0.51531126485506751
2086 0.22682164598458116
2085 0.21823865957128522
2081 0.1403229943237099
2092 0.4913883865789504
2043 0.71974584896704885
2168 0.73656392610559585
2159 0.43548666149198501
2107 0.69366575758041604
2094 0.64210110485680394
2077 0.52599323155419031
2059 0.71571321171903435
2048 0.33152045119828838
2054 0.68618567481967541
2129 0.16809516893502571
2250 0.78878061544841238
2244 0.92778126487951718
2228 0.82421772474145982
2213 0.72536553267433546
2196 0.79665415691709551
2139 0.93641960161699955
2099 0.045384031612470725
2031 0.02780508910761419
2045 0.027747356762511138
2165 0.18613691373103708
2154 0.44065730948488435
2141 0.6657297699740472
2136 0.085755635675885247
2120 0.030849684153374943
2155 1.0816372653307496
2149 0.69717612403824125
2145 0.60841624356049784
2047 0.31383437950349813
2150 0.61505623217279892
2073 0.89803381310493391
2066 0.53977567364773571
2116 0.12539891629850722
2101 0.71658811949600443
2105 0.0046752054891317585
2164 0.068233422174363248
2158 0.052015069246267719
2126 0.020163412795031706
2122 0.0099526701622653924
2133 0.74120839138534222
2144 0.64007801577365531
2137 0.089624930780909218
2118 0.13065652599160582
2143 0.34834988261073541
2142 0.59985562065248199
2127 0.72097568442281323
2200 0.43534700076623833
2189 0.46000052143617609
2183 0.098232003485989552
2260 0.17208164071114912
2241 0.52396363222644271
2187 0.4724392898616383
2231 0.79535973528087878
2225 0.77057685139637377
2216 0.99931525959485712
2503 0.2810783633370702
2502 0.41127550770511362
2494 0.55937621715837438
2486 0.31606398900506349
2480 0.34840093386249821
2466 0.33583643589550605
2463 0.66499701655407928
2461 0.6109224263851708
2445 0.92879349913504294
2429 0.80775231878551146
2364 0.85282678106318333
2351 0.64475695404616562
2328 0.60299307541922342
2325 0.39472829227947059
2319 0.43104927102077389
2307 0.60851752834647854
2274 0.65875243105922143
2266 0.45660904473262792
2257 0.69073617507901319
2255 0.69767478014089834
2243 0.64813068664804452
2173 0.64359759547309603
2115 0.73673854795490878
2209 0.41621571339023272
2177 0.71413772420705102
2169 0.25888494180932375
2166 0.76905174052741754
2167 0.8348229437791076
2134 0.88348537629040025
2098 0.17952361951853302
2199 0.098196163866174066
2193 0.072945914778919166
2192 0.049365826603593316
2131 0.085940564544972037
2102 0.49632968434889663
2163 0.32626587823804737
2147 0.23256957301954304
2185 0.23537451376873897
2179 0.32237360862061232
2178 0.84312339786622092
2160 0.77066816249648318
2128 0.9612338155676069
2205 1.0457135513933007
2180 0.86847109858531391
2190 0.25520119663745683
2278 0.66042931081302314
2248 0.66546041140138446
2236 0.25329529584276622
2203 0.83814893079209274
2191 0.92046727552543517
2269 0.97075935344364539
2263 0.87491423397459278
2258 0.95400282268178516
2245 0.69861009468656332
2239 0.81458868655725669
2220 0.84665971569182863
2293 0.15349799417806789
2290 0.28726129100978176
2280 0.31201225112745368
2259 0.42446441062176332
2184 0.092460535359002768
2162 0.80937153625018532
2161 0.043082650994425896
2152 0.07169274847787456
2229 0.30722671301518695
2221 0.82400160280442936
2265 0.57249558304818027
2330 0.37479837259924692
2321 0.73637992897520677
2301 0.85457123704290194
2300 0.77356251989039837
2298 0.79133158990466246
2276 0.80171929676587539
2208 0.87854125568941754
2195 0.89616742157047613
2217 1.0215827184696042
2210 0.76600679701425489
2104 0.20304980858612789
2135 0.036420248540298926
2125 0.0119844403449195
2172 0.65625749643049314
2148 0.67057310988313246
2214 0.48297395465810516
2254 0.31200046087365274
2212 0.14574316255817318
2287 0.037224187955895834
2232 0.086265531353370242
2215 0.022136523213146891
2188 0.8251487266471027
2157 0.016606614271185587
2153 0.014652258076910831
2291 0.41145111239055665
2288 0.23383646571708844
2281 0.75861740713225234
2223 0.10800487365968736
2294 0.021411597488805108
2176 0.4622377887689344
2201 0.58974004061232366
2182 0.63513889813639512
2378 0.11389168442075978
2286 0.038589290845017429
2224 0.030132092708137513
2283 0.82940008412973976
2238 0.7792869158149941
2468 0.6134058866075015
2464 0.77455760928510298
2460 0.68371254600883458
2449 0.67935377946330355
2442 0.309141890305411
2409 0.66050885984057628
2365 0.41328102914278414
2356 0.63909124825019514
2332 0.88341464716819262
2308 0.61245105010373557
2295 0.68773569061969075
2292 0.79998243372568956
2247 0.84509628740011788
2240 0.71495338783692675
2198 0.94148523892384672
2318 0.22910850489657725
2299 0.12523711610220437
2374 0.11732112195192544
2522 0.24275985629663901
2204 0.18535637264926427
2194 0.2131880311340226
2317 0.36686627258862092
2273 0.65299095987877698
2272 0.14625250568360618
2268 0.14861894709405676
2252 0.15699564446106287
2251 0.23443352638767664
2262 0.47200462438441398
2237 0.76344228594655383
2233 0.78654156409998865
2516 0.56351123264355985
2444 0.80803742870285877
2439 0.060513353398853595
2421 0.095505909412215831
2420 0.058129324484192786
2408 0.12651694208534298
2405 0.12117660980606257
2367 0.11249552598739579
2362 0.064940620009414418
2358 0.1517072396524555
2355 0.20246857659962991
2350 0.10464542510200926
2341 0.16701678925653313
2340 0.095815768459045242
2324 0.37304718497923545
2311 0.18678106801819316
2310 0.10902919584408825
2306 0.076578254042900376
2282 0.1946917806807141
2261 0.18912985816031153
2230 0.14172593065987901
2326 0.3226561629436826
2297 0.66015003042072551
2314 0.49854239604066336
2323 0.00016727815032658964
2322 0.57968201997250424
2435 0.57365045738126075
2434 0.55597552257510119
2423 0.62316177593165245
2396 0.71645063889023408
2391 0.13021684623031932
2372 0.12988899390940631
2370 0.15562609574048625
2363 0.10595008223793065
2353 0.1650076834421888
2346 0.12787982280958446
2337 0.14906983665408033
2343 0.26940922605720791
2342 0.46467012522536072
2329 0.57054733070539509
2417 0.51358377101057628
2404 0.80452468516880871
2397 0.78706938981207619
2389 0.7270774926966046
2458 0.8579836058051924
2414 0.78374070288352993
2500 0.60978581133674403
2470 0.66350148213376159
2499 0.32307119079172103
2487 0.50287800321504794
2508 0.59730074516530063
2518 0.87234111117383628
2534 0.51525551883336485
2531 0.18517746944000169
2242 0.12377275441474152
2235 0.226116018539053
2234 0.098332588409032792
2222 0.44388789020962699
2418 0.7854745594477458
2398 0.20358733319388669
2394 0.43577137927013593
2376 0.25139403181000675
2344 0.25152749387420387
2338 0.6230551387785348
2327 0.41305781939829833
2320 1.0749288841387659
2312 0.18926871764546671
2313 0.23662780489281995
2309 0.07526915427887082
2305 0.13762849752127693
2302 0.17051503118617201
2270 0.037211150307825971
2249 0.44385810019013233
2354 0.12428898981440255
2336 0.23094264175086679
2538 0.17059490970545491
2507 0.29324825479341032
2601 0.1170443741525416
2588 0.31926841287957475
2579 0.55553981001877373
2637 0.19814351992101756
2253 0.16194544284770343
2275 0.91208258975016687
2271 0.84119791556893897
2246 0.76659105582441389
2315 0.8088226078730999
2284 0.92355194119170692
2277 0.81311417940552244
2279 0.65326467463351512
2285 0.95560469111758428
2303 0.72087838097843893
2447 0.96950004112212096
2331 0.97651903176931465
2347 0.77596480393895795
2304 0.89793194602062587
2469 0.2845443192272476
2465 0.14669578492736401
2436 0.74031830802420284
2432 0.26422149260803407
2393 0.53871806893380925
2392 0.35999040752103129
2368 0.65621624472102069
2348 0.48798175255331999
2450 0.31580888254763195
2451 0.11509759450706418
2488 0.73202445300338848
2478 0.81660736627788921
2498 0.85908224815949907
2481 0.71885986686232806
2479 0.72517591771929113
2289 0.51977622854714511
2339 0.77101870144674356
2334 0.87959125422332729
2390 0.81424538822422732
2387 0.69232775700333504
2352 0.64770999814582109
2335 0.71935344115104749
2388 0.63147001726987773
2345 0.74116964570896526
2316 0.77642120720782692
2410 0.92427218507700626
2402 0.80274700698555901
2385 0.51930692433880887
2384 0.8655226460884069
2406 0.22210918170105079
2357 0.2346301339619799
2425 0.065843814522016139
2424 0.40162368818757932
2407 0.24415626453898231
2537 0.27891044233662049
2528 0.13265998847939323
2521 0.17816925653145832
2519 1.0880979497973227
2517 0.82977961531824707
2512 0.7731123508719554
2484 0.19250913194686245
2453 0.82155816025005601
2452 0.85216871520430526
2426 0.86375388047887625
2419 0.8771056076827044
2456 0.77068406962645342
2443 0.80843938806279059
2413 0.17080536700388152
2296 0.48708284406052527
2395 0.59941553576779538
2377 0.11188197481257306
2375 0.31277006757451481
2371 0.71079638482358243
2359 0.67399803583085116
2386 0.80409364999736899
2422 1.0302644461983346
2411 0.86500620934632144
2349 0.71783534692653528
2333 0.64485565500143049
2379 0.45725818724521694
2369 0.76319899111608136
2366 0.9008416681315492
2361 0.60078389199193216
2360 0.87733922505200224
2383 0.51138184315800095
2381 0.45928506149026821
2501 0.73619678756319196
2497 0.72077983771751142
2477 0.75041654027079352
2457 0.60400911838207605
2455 0.31847516516833996
2403 0.82806156230605477
2454 0.80397183953731244
2415 0.7585661887251145
2509 0.77962183319590317
2471 0.83433216966848822
2459 0.83740192162922478
2400 0.96651891093490983
2382 0.87095985338698745
2428 0.83964438415788489
2416 0.9668444417605554
2430 1.0445256382248416
2373 0.81006669525300012
2380 0.84623134286962709
2431 0.68367518997723298
2399 0.76071203343880478
2473 0.81428090760806704
2412 1.1540385911882702
2467 0.8872748267602204
2448 0.7296511450298413
2437 0.36756018325298445
2401 0.76051653444203804
2495 0.83196630344093803
2482 0.81717566171481593
2462 0.8225058651437247
2441 0.33208971927081105
2438 0.87630774560818081
2433 0.85356126401876586
2427 0.90871487892087111
2559 0.23435747290139472
2548 0.49655230049099858
2533 0.72835758558745178
2513 0.94861405167500423
2493 0.81732362552936089
2490 0.8417063558141894
2485 0.86021413055808871
2476 0.8339089041677441
2515 0.83245952691964997
2483 1.1327454026016655
2475 0.6423367098378272
2472 0.73796691571836726
2446 0.48089198435478442
2440 0.80109568767205364
2506 0.53426500962066847
2634 0.7949940978092469
2606 0.79291096989164445
2581 0.94168408954293414
2562 0.78182408179263785
2547 0.1359253702132121
2532 0.81627517904227087
2635 0.75164168451243352
2632 0.064695148996038371
2628 0.083520212982063274
2611 0.10624317777750161
2594 0.21970238379281545
2586 0.069696799880849855
2558 0.82184502751069188
2496 0.089752554910383711
2511 0.9606837877253025
2539 0.44889434776074072
2529 0.75542721816323954
2527 0.26582736700859172
2520 0.70475001531151771
2526 0.18451741136988151
2551 0.43976515564173196
2545 0.90291165814550034
2536 0.35290813855967829
2504 0.90482166954316268
2474 0.89242617759449994
2492 1.1091887529188595
2489 0.975164612860007
2505 0.80189016540724045
2574 0.34537516446401323
2546 0.76640546565588896
2543 0.83300944583775272
2530 0.9407229947451744
2565 0.84651654112697394
2566 0.86530163011741279
2555 0.22718361282985458
2542 0.27314136994280497
2535 0.20459756440249505
2510 0.10890822135267396
2541 0.45534889577156473
2556 0.48189993133388964
2549 0.28538850574576885
2580 0.22751385339991656
2591 0.74178520909525014
2578 0.85762389422813179
2567 0.75651847777062675
2523 0.74157687870904732
2525 0.40032447391299958
2514 0.90531288206988447
2491 0.86187891722300158
2553 0.74133967855829308
2571 0.048626044993386679
2563 0.48277119456700535
2550 0.74146939028974856
2614 0.22511404617058081
2612 0.75658699471309188
2605 0.18950302270726327
2590 0.64193019747628555
2589 0.66584036965317961
2576 0.45534951665082124
2569 0.7049551858358597
2568 1.0000009437771256
2561 0.76204850514914491
2557 0.030039271383582877
2575 0.25129669064488597
2617 0.15474354765221376
2616 0.3642343933642529
2597 0.17204731686799479
2524 0.28610119405425161
2554 0.72069662678621838
2552 0.84721586004058458
2600 0.45462668112785853
2583 0.62038284080123063
2564 0.73924743553380323
2643 0.81254295190968928
2640 0.076839769535954089
2627 0.75642964636270005
2623 0.47623368651090869
2622 0.027583094810932102
2618 0.339527301262393
2610 0.34776316655697453
2603 1.0071471343442775
2598 0.87648753562534731
2577 0.0083769030952069445
2620 0.19683124684646483
2619 0.32900102086658267
2631 0.21792130791005149
2626 0.29810054298547217
2599 0.088824105976697876
2629 0.097143597907295931
2621 0.18928525330355928
2544 0.39973524769573493
2540 0.53964151418742679
2602 0.60065236995693549
2595 0.59594365585549502
2613 0.23636082059079483
2625 0.45049850367913685
2624 0.044728445037446496
2609 0.46665478963955681
2587 0.30335386137550002
2572 0.19738087323128434
2560 0.54204881559895501
2584 0.51409079365927512
2570 0.99944819847571709
2585 0.7476023545899888
2615 0.021026928891643339
2596 1.0000000026778288
2592 0.52638908491329139
2573 0.64487555862943824
2641 0.061847347806623883
2582 0.3141194899931839
2636 0.089032471169262994
2608 0.16917417684281508
2630 0.04931049676521769
2639 0.062097704702635488
2593 0.26846448658219996
2607 0.093741623178500572
2604 0.12464602604603955
2633 0.051673424695071614
2638 0.57526083326890465
2642 0.58218978256837239
