453 0.79667469201641183
443 0.80520551118795158
447 0.8670480792757399
444 0.8655371303135615
399 0.86128966283373054
464 0.90792001234152098
433 0.82832600651902255
446 0.87757362680076711
432 0.53614452022915116
429 1.0908767267073982
420 0.33760828058942516
408 0.75966132133339936
400 0.61412437551441268
445 0.76477504075889424
488 1.0199472662087308
507 1.0003185125624252
506 0.86267490647531386
496 0.9598067454168473
472 1.0407302831343919
468 0.86145494851156668
417 0.61790388369574523
414 0.002084359335558005
404 0.75230228244514186
401 0.54459494912032802
435 0.30437177238903573
421 0.28220678829207063
407 0.89896811889938388
410 0.8676720084753653
406 0.23799001070583264
405 0.87228272198148149
403 0.85638203313382966
437 0.73160805397324891
431 0.78648813857443589
436 0.33182600014093877
412 0.92270726985004747
448 0.40400511564702096
438 0.79142566625649002
455 0.78276778901130617
451 0.69641019245157243
430 0.43063153653574326
477 0.29405823390402497
474 0.47130201023295865
459 0.88901437326976229
458 0.87109205468755879
480 0.98489231451492221
465 1.0411903080276461
503 0.86709551981795641
498 1.1439762365630592
490 0.92549396189495337
460 1.1712001304239088
426 0.74843685731977239
478 0.87820345036688752
585 0.84783804186177247
578 0.83804335789245932
574 0.78345436805419955
541 0.7943706231592581
531 1.1764320302090352
499 0.91574399459366174
497 0.80251517880472389
483 0.18865532069730243
439 0.58559241521011685
481 0.1381150516725016
456 0.26709260649065786
441 0.21223576667560565
416 0.34074221336283134
442 0.6339060874429141
505 0.73806635758346395
466 0.85370457546346135
440 0.50009285343982712
508 0.13953536359628987
587 0.0096725621578897473
570 0.043144217791918744
559 0.1443802027168643
525 0.94370884106956454
517 0.14113390267293846
463 0.81887841814229678
434 0.82136376740660921
457 0.74036672695027506
425 0.92520811601605513
422 0.93684672080419973
473 0.79697855038375154
428 0.8273706091162808
534 0.98060386604721295
454 0.92048861731424003
532 0.85292912075811578
509 1.0963991657654357
470 0.86191775515295821
512 0.81339517092966263
494 0.61061228159881642
486 0.90044666915795635
528 0.83816634056666728
526 1.1323030766293323
537 0.87183298342754589
521 0.85504731593926697
544 0.88379684318534624
538 0.94292657516957101
461 0.70121097514088482
516 0.92795636076787091
511 0.84587555358504429
504 0.81183352695940048
485 0.87590868657764531
484 0.54991050027043409
533 0.80496412426128638
522 0.62266128408711552
515 0.056339784827409346
510 0.45593080998560204
492 0.9356631159024883
482 0.82277912195449165
475 1.2744594531301507
471 0.87683888881605287
452 0.89585502064213296
584 0.89606889305089743
552 0.98311723080056734
536 0.94402703996539117
529 0.93536508588819212
523 1.0387383741298131
519 1.1695105629816864
513 0.90959416693193063
599 0.022192602415834196
588 0.016290565755452655
582 0.020189008947684727
566 0.028950391786510387
450 0.044755201880506398
649 0.087797454946068471
639 0.0365206145435669
594 0.02454743732230702
783 0.039167905954909515
768 0.077814276913362609
725 0.13099807502180191
720 0.077109075038080829
703 0.2468427773089141
702 0.034581319870170921
688 0.083211099543156267
683 0.11931631906324695
663 0.056801960974842219
1065 0.05562322151344052
1062 0.072653760863026023
1052 0.74563517719156291
979 0.069691561037058078
976 0.034763801315246014
956 0.12619634459460763
937 0.14461279188720158
918 0.056946352063519744
883 0.0109915275282491
879 0.019002272698491866
878 0.85688413702730148
874 0.032919001937872408
861 0.88519681972441377
837 0.026353843904284139
834 0.030667200949541888
809 0.036178977375724009
804 0.1692545205347912
782 0.029468850111154778
551 0.96923212726816987
545 1.119672727205393
543 0.81613549283564768
550 0.98192672192702835
535 0.85929510233807516
501 0.81040208362720767
469 0.6006636527726108
489 0.032954295777858272
491 0.94024840003866572
514 0.99445530013989325
560 0.86977437458444162
502 0.84752975713966694
611 1.3011527533402234
602 0.7797162318377312
598 0.80701330485404354
591 0.83583530406265782
573 0.87012053393423539
564 0.77123905433593365
592 0.88446302480996986
579 0.73664216545486616
619 0.88311773801152749
524 0.62264604434001258
520 0.6406080562592158
493 0.19168704689114946
495 0.28766076461076839
548 0.31928791822666475
540 0.66597601089854663
583 0.93477203143654986
577 1.1575345311898855
618 0.96183048199970222
608 0.89669843392563642
617 1.0510955263778361
610 0.91062380018716216
601 0.13006196784917612
596 0.87121222772114881
593 0.86038201425966543
589 0.48623679038174994
572 0.85031062559672255
575 0.3524136934282277
571 0.39536970196358695
662 0.61130638820321026
653 0.6430866754402903
676 0.63698378918961507
699 0.85384146158904239
666 0.10817353179954226
704 0.72997173338235577
694 0.37212041935808626
669 0.73273292827340908
711 0.29778868323612068
721 0.14062685588379198
707 0.15888384570682579
749 0.96430046209515685
748 0.16488852171875892
730 0.83568236634029769
565 0.1871948189765277
557 0.64013804809558217
553 0.78419328268048349
546 0.81846211050236362
527 0.21241792000588663
542 0.95629068328039213
678 1.0052920528009648
668 0.98463630368516608
641 0.9695948635529158
606 1.0349588163506578
597 0.90725217852652584
563 1.0488861768125943
539 0.041861555392038695
646 0.31282719598685266
627 0.038217730836054856
530 0.070794512944599
518 0.061924241840560397
660 1.1113718079540038
642 0.83185034689154547
637 0.86456837300506195
654 0.82811905667533059
623 0.74743408768344188
615 0.37823890503056801
677 1.3888164948200872
670 0.85911281147929719
628 0.92042750157904185
616 0.76004286825706358
554 0.89241474589994518
561 0.917153220669225
581 0.70191063213674454
569 0.15220475304248074
614 1.1629323579350754
590 0.8997134745292148
580 1.040831462768641
576 0.85227961654696527
567 0.41979925342957991
634 0.84873782508731921
869 0.048214618903254229
829 0.025943714762090706
667 1.4728897801098397
665 0.93111154755779535
655 1.2400588730720519
648 1.0008516930622751
630 0.95187328363165624
640 0.89809466673755922
635 0.79506715713576037
661 0.74922641548242508
656 1.1350977752461264
643 0.74280930856555438
631 0.87876847250097001
657 1.0306834618178304
625 0.90781508752294005
620 0.80285647144195382
612 0.79469157239566468
607 0.13348128469021145
690 0.70517662100120704
686 1.0360592651847504
700 0.26256699925703908
698 0.7641307773436482
697 0.97331601473575302
555 0.033775197107789555
613 0.0061014623968542389
604 0.038717629851647631
595 0.010347878271834967
685 0.091882025457271727
681 0.13122080143192077
650 0.2694857346070903
558 0.078362393252864801
586 0.022174783441396326
638 0.021403560284800466
603 0.00085404176948356534
633 0.00068819752562799662
621 0.031865454809821725
727 0.75840350600736206
716 0.7763125339738457
675 0.75023135523220286
743 0.91915719472755042
719 0.78030825193135911
658 0.93718465077938495
684 0.76872031675265307
679 0.94935385040712894
674 0.37370253787008578
671 0.87560670713095246
645 0.17314522747571159
644 0.78042777517677442
717 0.79428141028315657
710 0.82555938644849547
682 0.86877000934813564
664 0.87683087189664077
629 0.70353406899119864
756 1.0303689541128311
753 0.83513814562790034
752 0.7865834715886072
751 0.94480786077926837
741 0.5078244107188391
732 0.43818661594544167
701 0.74744921774203887
689 0.7720572233192059
652 0.85600812592247055
622 0.59183439901833546
651 1.0293500108723732
729 0.79098356108948298
726 0.8422921644421687
696 0.8057258164805442
680 0.78386130311597846
778 0.82386162356478054
774 0.79053380112240323
770 0.24758807786959278
764 0.8849145478227044
758 0.68427844366364321
744 0.77776565485962101
739 0.76527546131328128
738 0.84774738170690578
734 0.84342704260404677
687 0.3528236196420117
673 0.13711855570728362
659 0.11671972371927689
636 0.18643693867649375
647 0.56354882254223515
712 0.35426687134799678
755 0.74041077292827762
713 0.56301889028986973
708 0.91194985852288424
705 1.0017012564817698
691 0.72336176165244859
722 0.88821117031209551
868 0.80596072998221169
820 0.36615537629387568
850 0.57354524900576342
842 0.81260787517238775
823 0.51912971559673127
792 0.84817988487991369
853 0.78206722134103279
925 0.49955079102982985
922 0.84278408470961563
901 1.1504393485800426
929 0.31214944118548416
871 0.16711496107160273
950 0.64693623271103373
1010 0.88576614631835038
990 0.85841566196496988
975 0.27907397584650778
1042 0.13495792374926441
1008 0.056760428901413758
1036 0.10733884391888145
1015 0.09527269057390074
1087 0.71603637696749545
1044 1.0652695382831419
935 0.38776543092351062
1037 0.089518009431597129
693 0.43920238262054595
692 0.65431405241981566
733 0.77355123618677557
731 0.22821200674760714
709 0.16043296035382043
706 0.45201725895207229
802 0.71905516486726084
797 0.69689156079870052
788 0.66228121855918642
763 0.42802196969992462
832 0.78474712491366172
814 0.45594637763249041
812 0.23932026740470708
807 0.58427524139372955
794 0.53434542953377506
745 0.79247580441887766
836 0.30280123845691281
827 0.3848982769960701
769 1.2213463950164374
740 1.1495215453287446
796 0.79172501857620392
789 0.7868315607060784
772 0.35580551009674466
761 0.78275440625321979
862 1.2168616022646523
844 0.79890775034648875
838 0.83494233244988647
801 0.68380254672608187
728 0.84815898024465053
718 0.23653139058739062
715 0.030308027951695037
714 0.95901118695564735
724 0.40119010161519125
777 0.55212836737811499
904 0.017347953260973471
932 1.0266007233636576
921 0.89881976855152035
880 0.85321314050409758
964 0.84525370065564565
947 0.48730609656800256
963 0.026775235237800104
1104 0.076550385409808963
1100 0.06477640107935087
1077 0.1078717640046636
1069 0.080856216299311182
1043 0.065579084631411266
1026 0.14117839682674971
983 0.17593414480034569
1161 0.61589058993640089
1154 0.16952444697867008
1093 0.72204650564842676
795 0.51892533983913836
780 0.33254281633928406
773 0.14602157077568184
760 0.16954417232635224
742 0.83137641325220069
924 0.95640828534071387
881 1.0525512462659719
872 0.47302010618354523
858 0.8092747422618638
830 0.74849028768345527
817 0.96252324567245351
754 0.96532566451708623
864 0.95922806657598025
849 0.87256364633897854
723 0.93155598628948388
779 0.28112309361359505
736 0.85096047636842564
737 0.88215314601834482
765 0.3980513417941593
767 0.54267926496391306
776 0.60895834185396069
811 0.33373242931642572
762 0.70618883907758223
757 0.27727644736224316
735 0.29212969706873909
805 1.161819626201384
893 0.31732566066362761
892 0.26369107796957081
888 0.12801227657749054
856 0.6171672118869298
845 0.34459174947008958
808 0.79529257596432179
800 0.61761883088851666
750 0.60495477072224901
747 0.37123739894424784
746 0.19991992652435414
822 0.66065756491589878
818 0.77198184869028774
826 0.97932335131653281
825 0.81251354700697742
824 0.22272148866797542
806 0.71682634403545464
840 0.71179422777876977
839 0.69988491077694048
821 0.61985176739501835
875 0.9043542154846449
854 1.0027091740376193
831 0.85507438712427264
1032 0.63384580626663312
1027 1.0092721241462268
1019 0.58348401414596618
986 0.7712843881791982
977 0.81423274082012542
972 0.8298857721585754
959 1.0174216053511849
944 0.37526608077410623
942 0.89087551422511457
941 0.85856422883876282
908 0.20941332139382393
887 0.9047368280571928
884 0.74218928035860376
873 0.58374870656776934
870 0.29025508672685424
865 1.1039899782171345
835 0.6784459945198722
857 0.66438747898073358
791 0.19053031461007641
891 0.92503902720965847
911 1.0104654341698061
906 0.85514092510029782
897 0.84751714654943
890 0.86170779491556448
798 1.0309517849942436
786 0.88034792737951462
793 1.0674042272480329
787 0.89849626374854774
771 0.83539687745433011
759 0.39942767447453759
833 0.84652034677104049
815 0.80924850701048689
813 0.9375797498300229
785 0.80640040712672734
775 0.72107229660133942
766 0.60076952896402114
907 0.83892682228371052
799 0.87487070650106302
790 0.86610971028461414
781 0.17646932885292124
848 0.87491694613743176
841 0.94275022304209133
828 0.91790144089626524
902 1.0760282373457937
877 1.0362525661460706
867 0.83112521072214218
852 0.81479809952616944
859 0.83520702421678383
851 0.84601582811674925
860 0.800215820468127
962 0.90119675505344043
949 0.96354437564913176
946 0.91402802876022782
928 0.96345819323408244
899 0.8737423453147467
966 0.13497982831499569
958 0.15290754252109048
912 0.63450086289310625
894 0.22775526995754461
816 0.7611386858509781
803 0.30458294117997858
819 0.97347280903722067
866 1.0515131776363347
847 0.81059279386114014
846 0.86023047458286039
863 0.17465932195382841
885 0.51035761213654696
843 0.92512978739527763
855 0.84047261733647594
889 0.80475235538730305
971 0.82004797334767432
945 0.61578179973633651
931 0.78302440256738737
914 0.76321408172388894
900 0.55205032262774034
896 0.63736636792703283
895 0.37417594487923417
886 0.74071392224703236
961 0.10545781945473486
954 0.047600680465256263
948 0.10384042123471821
940 0.72050172060878048
920 0.078762692717385049
934 0.99803171421236647
943 1.365503206269906
905 0.868565356577083
917 0.92856065018970257
882 0.8602183824134676
951 0.96460473906053823
910 0.83868817595430001
1012 0.8546817858744622
1011 0.83262213394312967
952 0.84163223083532213
938 1.0499871069252382
923 0.90769590883010876
919 0.85626662623580418
960 0.64687423377922626
957 0.97415174606751265
1004 0.073396686587236026
984 0.75133364251517687
955 0.82458226305301396
936 0.63368502972501606
916 0.88725467981159256
915 0.33396391034144546
909 0.40338642222957599
996 0.055470596934808138
991 0.055310624872235092
933 0.99988204479777754
926 0.78559165072646886
980 0.44559630445030801
973 0.38915196731515073
988 0.77632636048954706
969 0.86019977553480664
927 0.71234327758402538
913 0.32265322804835045
903 0.8450456914539991
1031 1.3176824822637776
1002 0.8347428705275185
981 0.98610602826674332
1072 0.6119882129151073
1068 0.19591796012667431
1050 0.27433056971061154
1046 0.14145353191142579
1035 0.21138484760570506
1029 0.11979986898207867
1092 0.015718354487329129
1081 0.26116577439870448
1153 0.92040810115962546
1130 0.90802968267988982
1122 0.76302614689527837
1113 1.3167762660744096
1089 1.1264241776030317
1086 0.8782005673706107
1076 0.80123138704825758
1066 0.81806311046478353
1064 0.82311989316410283
1030 0.98516038084299817
1014 0.86634713656138762
1168 0.2313703412995366
1152 0.1338637694500539
1150 0.13911504438670061
1137 0.71478379014213
1112 0.78163449133239971
1102 0.20547622813656524
1096 0.16485399419297789
1085 0.30546237329586789
1231 0.63907990764379874
1220 0.50127658451200263
1143 0.76021807329325386
1103 0.74715496631691225
1005 1.0133221028905219
997 0.92794777036572995
982 0.4845280108192484
993 0.87043429653036419
989 0.88646540312400846
1003 0.87218127732036266
968 0.21696392410195645
953 0.9715498127120612
939 0.15182261148702228
930 0.11813824001661176
965 0.85790426700917544
994 0.86495652513136534
987 0.84975802184714311
1020 0.63896038924233312
1013 0.47810465274763186
970 0.8718729956882223
1083 0.52842446144609378
1059 0.40924785665834024
1058 0.21654361469285544
1057 0.7819615694830877
1056 0.22527305669721032
1041 0.24347254117287234
1040 0.25057737053826334
1133 0.39119149246606738
1124 0.58908569410866019
1117 0.32305372148565686
1107 0.78819919288452367
1105 0.14380453123340625
1094 0.10339263999888218
1074 0.76079161473476975
1067 0.77773048542748846
1038 0.78574528260647358
1009 1.1466948431384483
1045 0.26233467393860593
1147 0.015524387409312713
1145 0.061802894205532519
1138 0.039921315858394826
1126 0.20709719205013777
1115 0.27669372190186609
1109 0.059429798958382962
1099 0.053851278613665211
1088 0.26679698821840936
1079 0.20792818278612213
1063 0.76566414090848622
1028 0.15137608524595186
1022 0.034442044135870868
1017 0.033384949397949143
1001 0.87611119606457977
985 0.098337037235791361
1060 0.80157253715605237
967 0.7635198221539431
1047 0.85308618943376269
974 0.89306863741466136
1131 0.72416287546894043
1110 0.76928023161185299
1073 1.1129604222085678
1071 0.87453670241209946
1051 0.84508968637582482
1007 0.80792339265089863
1016 0.92229234894548606
999 0.8220586218596927
995 0.81611106624005403
1075 0.67033109880569841
1080 0.69774655855252599
1023 0.9161562393510404
998 0.68115902781469051
978 0.16687566355098718
1053 0.98810562678449909
1078 0.91610314368782919
1039 0.12480577217307935
1025 0.65380309563147354
1000 0.33593113885618925
992 0.6616880244365102
1006 0.44736668890219361
1097 0.26510568140032409
1172 0.66984177098147235
1169 0.21705142292668517
1164 0.90205522932981352
1159 0.45502855050872931
1157 0.75356253875766166
1132 0.88003625412138597
1119 0.13413996996337185
1111 0.11098079032697225
76 0.025935263797223603
1 0.010067031353166557
2 0.005395929899685686
3 0.027157087400861681
380 0.026002815295825408
256 0.030001098071733255
135 0.013130228350096917
10 0.1577479442202924
158 0.024774672678464432
67 0.025909979797361576
40 0.013376346618447792
5 0.013363427595785187
4 0.010401471734974766
6 0.017256607786776207
568 0.085706629322067018
562 0.024614028641824489
556 0.086699840575710715
547 0.026351647956220917
500 0.02105458899073423
467 0.030431676427037029
427 0.079652892747225174
423 0.023746866248803927
369 0.1742885741518117
367 0.034008280352099192
358 0.025017247606459032
328 0.031443114621049616
300 0.064841434246301233
299 0.029962286023431955
257 0.054212125722661389
254 0.011342226981170062
253 0.025952908064209201
205 0.075562147260493748
193 0.02960913969958294
189 0.011412299572245401
118 0.048568058179137494
104 0.022490527535473679
54 0.021959201577787444
11 0.040446821972224406
9 0.016324757466881067
7 0.013485621636676756
41 0.0085669803852522226
42 0.0059398738003892835
8 0.0060971565688183694
63 0.0062004869493323556
77 0.027436170896095569
12 0.061991269280479953
226 0.10031024596084626
150 0.097088874388252075
139 0.055004481653188574
125 0.034401876638180749
255 0.037863499278123415
251 0.032123547404688188
239 0.2197829237832537
384 0.014363050403347975
354 0.013061616350303569
281 0.02545181032107614
424 0.0091491919069213532
386 0.79205693358130236
381 0.70010649163147987
370 0.02155306162823727
356 0.8959048165515725
351 0.078886362162765386
345 0.067347450961133384
321 1.2063328927786421
140 0.15504427244801497
126 0.41991266465742283
120 0.039702926481324972
94 0.025894829308089028
37 0.030546291402154126
13 0.017442255759532468
14 0.015461901523083042
85 0.42447791668013979
84 0.05381399196321051
52 0.010751749353687888
15 0.017080967509000438
164 0.13310812827223684
138 0.15209143651850585
123 0.40143308597255362
209 0.45389327044937544
196 0.32978952348326562
182 0.90615142464521037
181 0.067423718429201696
176 0.16388319590152345
16 0.023615691643765851
78 0.062744288576673593
64 0.03854911425104765
17 0.98835089826876488
62 0.036543161341407837
19 0.04155256765360836
18 0.019047378700977908
83 0.075092026030630199
79 0.056396872658186804
55 0.07592811781581528
20 0.16773754741123739
75 0.10464321999419068
69 0.3928459322392433
68 0.10050599202847868
61 0.56214589148621241
53 0.50438381316009917
21 0.47341973460532766
72 0.23137627851780099
71 0.21025561914911461
43 0.15847521952366436
22 0.15047948886249682
93 0.17890294871188392
87 0.10068233051174702
101 0.96845545138887745
97 0.090969386731199128
92 0.14379594937797716
23 0.16304324504478054
73 0.071978963382450634
106 0.0034342425198721021
80 0.92351200638870468
26 0.87108422021986298
24 0.055021216701891161
25 0.87357684111425682
38 0.93553214891656078
27 0.88265160942616805
128 0.13289039560975319
119 0.041561334031480095
115 0.24237379526418418
114 0.20224023326361923
111 0.024108097090054993
109 0.8863876858357923
108 0.75874574923226368
100 0.83363982001638981
98 0.72055007720412656
89 0.66453604780080866
88 1.0179028524027387
82 0.31341845656619088
44 0.23006011188617193
28 0.17181491454363335
45 0.99432864283352673
29 0.94173970706346466
70 1.0483400912446359
39 0.90323310848524518
30 0.90083008495293249
65 0.74400383421204885
31 0.89730691608130608
81 0.66717099702504179
74 0.74297171176212373
56 0.75290147504513272
60 0.75043835053085683
32 0.31351486730460554
48 0.17246083968042136
46 0.064555548108043564
33 0.051160877113465411
90 0.24074281876508452
47 0.050453494519874256
34 0.040441370880893134
57 0.036747888438818779
375 0.99457558446448791
343 0.52700529488039094
325 0.055313041744897561
320 0.039270152238201357
315 0.12824295837655636
314 0.071274946238185102
302 0.039686669590905964
298 0.029332962372906075
297 0.67612131406079012
283 0.046366337877464921
280 0.091979009111712487
273 0.085455213744206782
265 0.079575881237204688
245 0.11960646776522549
242 0.027343329238934618
241 0.017906105242045996
237 0.046841265816513801
236 0.14026109374820958
223 0.19068266821718724
204 0.13408862192945301
180 0.11619501946400745
172 0.24862456837477448
169 0.56762638487185635
161 0.99906915448725586
157 0.97047394173795154
130 0.046522787186776285
117 0.029965042420264282
103 0.11362716610910607
99 0.020176607700646356
96 0.022968261321168783
66 0.036340154146655514
58 0.040416854406934419
50 0.056330948044679599
49 0.044279852217136456
35 0.028627339569348331
51 0.019133764426465399
36 0.083587531841844753
1900 0.23680738443955801
1787 0.45973352258134143
1744 0.10340423715825045
1740 0.078399742648354531
212 0.087800603267732133
259 0.048973148323836035
217 0.02122214952676986
216 0.016665948971731653
137 0.019749830411200434
59 0.0079782633657950741
624 0.076934554819708775
549 0.034357248881793853
487 0.10827690699875278
479 0.026749554562854549
476 0.44991869555307079
462 0.062510894641546522
449 0.035936798438083374
418 0.023137698562047945
383 0.024984426199194013
329 0.051860597600520433
324 0.37507151792644411
1311 0.77797889132456521
1290 0.74222688613847998
1279 0.93210919703104655
1266 0.19251359190711381
1247 0.77058511470613433
1209 0.15364725570996354
1195 1.4711384295892733
1173 0.3881189036944776
1158 0.21231261930208986
1727 0.076915924519709911
1726 0.059484750134268627
1668 0.059169525550056681
1644 0.052487688555549972
1611 0.73789994538096948
1572 0.79417574974746197
1571 0.04868217775986567
1559 0.14203272278202195
1547 0.28669827905550865
1535 0.24272266471421786
1528 0.082572206108698532
1520 0.7010264992782862
1495 0.082602162298691773
1457 0.11322227896259625
1443 0.094246092173359178
1420 0.13296321106108921
1387 0.2095398392088853
1371 0.20741821357032986
1369 0.57969233493317873
1368 0.61171784454775979
1352 0.70010828591853813
1344 0.327757644173095
1343 0.78197470121885571
1337 0.61568391695287583
1336 0.11511352750445844
1793 0.22028220165927223
1892 0.033296765761355172
1838 0.059333108738823276
1912 0.014830410956393848
105 0.17232475772788569
121 0.18888654313341285
110 0.056868199333148316
95 0.85308225405715588
91 1.0328863457024762
86 0.17316532257408601
171 0.023596080956951964
258 0.043950794258298925
149 0.09344200764267116
143 0.16151126067310523
160 0.88952437692186848
148 0.82509116243090064
144 0.67485455052512566
167 0.25544823363283559
233 0.039465177282281896
208 0.074417801213990484
199 0.11691602031285435
191 0.56774015594829441
187 0.18752822417874007
252 0.63666050593590129
238 0.065705851551600566
227 0.031726310261858029
222 0.20068886296150856
272 0.40408670129330287
264 0.16004750407790455
263 0.07734216682734453
261 0.089947396912970351
250 0.53085086777123924
246 0.087773309518312428
243 0.19844550727124108
388 0.62473411373243459
350 0.034371653895533191
338 0.074039814728063966
366 0.08016187221056445
353 0.09246425681232763
331 0.11368188041067176
310 0.35846972730357129
277 0.12196635016916255
116 0.025861624994464125
122 0.077531158039219936
141 0.069598416659582218
136 0.040615986230034831
134 0.055263801225227414
133 0.068619196096896568
132 0.04114623735341983
112 0.02697918061745206
113 0.0032124676124356301
107 0.82221014425261651
102 0.85049110562796282
127 0.88988830426018006
124 0.13192975519498887
153 0.45915909181460424
147 0.086706769470645928
142 0.087057980744254179
129 0.42562933694566468
131 0.09133038861366144
156 0.19242729083284887
151 0.67904798605344074
166 0.59863587169378396
159 0.1856274765239633
155 0.16457409030991454
154 0.73380216385295183
152 0.29485856674655614
165 0.07673994057085616
168 0.12360860823191036
162 0.060988157267642278
146 0.22216587336054949
145 0.066749658721008256
240 0.063927312079736454
175 0.11622042739348569
174 0.045052014892113509
173 0.25242796275061108
170 0.032368943125376207
194 0.60829871202454044
185 0.6047831008150556
178 0.086368088996573875
163 0.3366959459249847
186 0.14328621092840044
200 0.08226424281259534
179 0.35142252559213771
184 0.091604434326136491
177 0.083721070826272531
197 0.86155781883098959
190 0.85103545335799735
183 0.096106936741840981
228 0.4083891164208962
224 0.30451388227265513
202 0.76351446966835546
201 0.81764967759244078
230 0.51338008102779353
220 0.58378472023616024
219 0.16120654433373624
211 0.14392974213680013
207 0.61617375368498772
203 0.15948535014674761
198 0.32357099916314452
188 0.85085855410129319
195 0.13112937449968962
192 0.095910260961785065
215 0.80842231067039882
210 0.90888407668412885
206 0.68117334681315744
214 0.73247256262433458
213 0.91042592890223006
232 0.084861054682631651
225 0.27938777049233665
221 0.050548537802776232
229 0.033885108236255256
218 0.58307793484891457
248 0.47968567050300565
244 0.29242808763711653
231 0.11544433693102127
235 0.30936429285698386
234 0.52938772986971327
376 0.074680913885760911
336 0.072235116717547593
318 0.65829198801278177
317 0.081812127525476133
301 0.07369418568018242
294 0.60445424762991484
293 0.47663983460121018
286 0.15890758891346868
260 0.047585756704056868
898 0.96104871382946044
876 0.3283451303109155
810 0.06115007524482307
784 0.13929861778356942
695 0.50967174691795902
672 0.089273285674600314
632 0.063702740526040372
626 0.046246012218412534
609 0.050039719513520889
605 0.00010728962217482011
600 0.088936411566183884
413 0.13094542266109102
391 0.64790680132841216
387 0.22938069224927929
364 0.10113682625268884
352 0.056487712677013795
247 0.39534222020446835
249 0.54258746254139745
271 0.15051710303569224
269 0.095926634613907449
268 0.28007569142920824
289 0.36760087501489519
275 0.20792678726816283
266 0.10405766562515134
270 0.24903064946820291
274 0.16059718897896394
262 0.87302033241268717
285 0.6094505784546046
284 0.90978877437218819
267 0.10170443437952351
288 0.88417004342341865
287 0.074133424749384058
276 0.8641933804138382
305 0.57632754994583035
279 0.95022776538722109
278 0.1186655094889946
295 0.25071516044686731
307 0.1505693605981212
306 0.62755441097187936
290 0.12095297716877761
282 0.12642803157008892
292 0.15587717696778458
316 0.43059414990124206
312 0.19176599536024416
311 0.42938606056549805
303 0.93763815131869244
296 0.25423825154777008
309 0.054167985692459668
304 0.072645093870715813
348 0.13659967348733351
323 0.81764516388185127
322 0.068357376447358301
313 0.072464413449430665
291 0.64848709285286532
326 0.1036732718930307
319 0.0097172762860150766
308 0.24188272087560211
337 0.94576788085380414
330 0.72816440788165249
327 0.65013148861421255
346 0.74284509859328263
344 0.99421766403077572
342 0.040843348895120042
341 0.72548972198773354
340 0.30016860414428309
335 0.68933195276877723
334 0.60342241794513751
333 0.26281002670161141
347 1.0055753247842836
396 0.80411168333805372
390 0.50616730552639844
385 0.058254186461749985
368 0.72236111760999377
389 0.097126042243192878
377 0.94265109718143136
374 0.088662240432890768
373 0.088742383872070799
349 0.54437099658716004
357 0.80628282275357299
419 0.43216074681837641
378 0.82922277630662244
362 0.79249178894764016
359 0.83490030890609679
355 0.77829856656971252
332 0.11603669005869909
339 0.15038962989332733
409 0.18175241148284657
402 0.29698457991828914
382 0.07135332689709413
415 0.35368316544102812
361 0.74032361306789618
379 0.97040394835206001
371 1.1295229382780514
360 0.32849798908765737
372 0.94990365067608862
365 0.87110170503258433
363 0.85474065492612916
397 0.46739857525085343
394 0.14817426766083885
411 0.60393525922707003
395 0.65237030199911616
398 0.93135483968523014
392 0.87380492678382427
393 0.79391566453959983
1436 0.0020843405482969305
1485 0.0030554045522960408
1433 0.0023406905734369922
1527 0.0041809704500077264
1490 0.0032374216213201341
1525 0.0024876084414610852
1509 0.066681264750893407
1508 0.0010902580900691546
1501 0.0052514054618106824
1475 0.033625575515350857
1455 0.014235996969301973
1514 0.00055208086432286224
1494 0.00056013986471930741
1471 0.00053362106884134578
1434 0.0012816899674935793
1515 0.0011358161523129914
1541 0.0081120830626305457
1449 0.0021163514473698593
1456 0.017238098539806096
1461 0.011338385040359692
1442 0.042949905272574036
1438 0.8522380683729821
1459 0.61767558333649053
1460 0.76713207436616182
1451 0.78806194486924375
1441 0.83900983709594112
1478 0.15719246115144273
1477 0.029008101276260398
1452 0.090343402842474357
1512 0.0073436839023462482
1488 0.0089443307966162455
1506 0.0039385781577131445
1466 0.011534750883381855
1463 0.026001651770724592
1444 0.021735199585439544
1492 0.0014391317337212719
1470 0.0015392024429007468
1481 0.0004401201920528277
1467 0.00077864665457402251
1446 0.0038965971708544455
1479 0.79158198593929308
1476 0.11955343228340073
1447 0.71870279648928082
1516 0.29948495646025702
1530 0.56643902457357009
1544 0.14092873534206335
1464 0.13080786553334009
1545 0.029882876776229968
1511 0.034107586097164445
1543 0.1557665895035068
1539 0.028464162438396886
1505 0.026513572362388622
1448 0.12964374654352909
1625 0.10269251777536025
1612 0.25667709674431705
1596 0.28906727678174399
1595 0.044265277153825978
1537 0.85191499051140585
1531 0.13590617171107169
1491 0.05751232033890482
1483 0.88155027589564694
1523 0.00499138321599821
1521 0.015844756183531664
1513 0.0023378369595670251
1499 0.0018681418948498115
1657 0.095306370788677638
1635 0.011797560395433448
1607 0.032326359948022146
1591 0.0071679319799253629
1576 0.0063690029052560059
1555 0.0053645289425665104
1532 0.033142013438258414
1498 0.014945298816267197
1484 0.023271866322041229
1546 0.63200440445528117
1493 0.16813307851129436
1507 0.00089604254148644487
1496 0.0005289935338118933
1529 0.00038151481216587476
1524 0.00083223559666136264
1497 0.0034188587639986212
1608 0.0035903000452858626
1587 0.0021053158943451335
1569 0.0018005806879258176
1540 0.00078128193995978729
1468 0.033963585727057613
1565 0.052029108666967805
1558 0.082274024189086692
1487 0.047546427290492209
1659 0.017604129241300205
1650 0.017974976771196298
1633 0.0099294690987998258
1621 0.0048423591437846266
1588 0.02769250099694227
1567 0.0022686187489528572
1771 0.086394532248958114
1760 0.0054825004483448131
1749 0.055041295488865785
1733 0.019894513460637135
1711 0.0055288978973712264
1703 0.0081062095231576939
1700 0.019352827806200016
1696 0.01228358570987644
1693 0.011399306018759601
1683 0.0028975824671839154
1676 0.0084019937229806788
1673 0.80441937572584465
1662 0.030794819864185183
1661 0.0053577343253459709
1643 0.050769053353323081
1637 0.011313027877204593
1636 0.010296390986217617
1627 0.0069129128477442457
1606 0.0069639012326247196
1604 0.97017295159304484
1603 0.76342050521904969
1602 0.015940232630458604
1579 0.015301566660541206
1575 0.94804719435758145
1574 0.047244700256377142
1570 0.033391600040379471
1542 0.015652898519311759
1577 0.008976013453476232
1618 0.034430336009806814
1550 0.046565643297281113
1585 0.669474220777865
1573 0.084073951037990854
1586 0.51153472263360578
1562 0.018139227640615378
1536 0.082706562285944349
1553 0.050085465826471658
1552 0.0090701971535595768
1522 0.4720942075758614
1503 0.16764055245141427
1489 0.066239582422005297
1584 0.0073900351156879858
1551 0.0085240381200697261
1580 0.0041342123110755602
1564 0.0045393651105068442
1517 0.024110915195489732
1549 0.0075848389877181746
1578 0.0073547512761603468
1632 0.077850620008809046
1590 0.051297674112527822
1705 0.070857625744373723
1704 0.11009041243413824
1692 0.064135066022985007
1688 0.21642290672723885
1669 0.16252096101173788
1655 0.42576897068523384
1654 0.079816383071931826
1648 0.48641434809993894
1639 0.037205139075102964
1628 0.71008424604191045
1615 0.25509688024829341
1556 0.00096216972848399201
1548 0.0017527557305929363
1533 0.04778419280335866
1566 0.00045256174607998347
1620 0.005578016690297386
1600 0.0018729396615208226
1626 0.0049029743922981801
1605 0.022698640551404671
1687 0.068357546413864073
1685 0.035342906044998047
1679 0.014382812964679558
1677 0.079550740476998463
1656 0.030668576852040996
1583 0.060783539690078173
1568 0.059169991476531736
1554 0.63109668054349743
1610 0.011520422061647337
1609 0.016783560271933465
1592 0.037912577520493124
1593 0.2388174898105859
1563 0.11844300524852701
1526 0.83410899707633879
1645 0.020109885905212795
1691 0.025681722619861277
1686 0.023561026080089437
1663 0.018692834068412077
1634 0.038012648271769367
1667 0.057977381905889969
1737 0.02509160307571252
1708 0.0060489969067389253
1761 0.011282318327080137
1738 0.56545652351712516
1694 0.017276750643268845
1759 0.016499466059516708
1736 0.012201897202800453
1808 0.0087843477190932065
1826 0.51822078896107238
1809 0.91220135011688208
1784 0.036211024796039631
1783 0.024788312324906213
1820 0.059289716237796559
1847 0.76395614626879738
1846 0.6891059878737581
1837 0.79747210649141309
1829 0.68532988270323003
1597 0.0058380764158609951
1589 0.0048625763663245336
1561 0.010659728640710849
1534 0.77298281800510316
1619 0.0049464958691464514
1735 0.071497473860726815
1720 0.024195185678971758
1674 0.26861161531940692
1629 0.69182245628618233
1616 0.8135362697727182
1613 0.72821828366434171
1721 0.026067713981627324
1715 0.014528476898311087
1707 0.092115085222921916
1702 0.0077158732096927673
1671 0.047195294278930419
1670 0.0097556293766220114
1649 0.0052823900993766888
1582 0.056876436022582043
1647 0.03414025246545347
1638 0.046139420740497865
1599 0.078709915429752628
1651 0.04718416909573659
1641 0.047420362130667262
1623 0.52029834906917849
1601 0.0062750395324639311
1581 0.29190793103625118
1646 0.010747017993215232
1598 0.0035744817637865423
1675 0.0072355648228066265
1672 0.030483875070517287
1666 0.010819997590989431
1681 0.024420048158789169
1698 0.077653678790452707
1664 0.079965626691795577
1653 0.024534051159210171
1640 0.25899127490839174
1630 0.024813668677325141
1622 0.015157069790162311
1713 0.043593028931979812
1594 0.020757330036853386
1680 0.045867123814949708
1658 0.01845086698890356
1624 0.0074022283050420006
1617 0.01763858447080921
1557 0.0035197986931096918
1684 0.022281496054083881
1652 0.0069503561190434656
1717 0.097774833833070604
1725 0.017067048666543152
1716 0.031105420309269931
1614 0.032362982842195021
1631 0.02712178465147384
1660 0.48509862482153415
1642 0.010818268146593417
1682 0.020231850311623667
1734 0.26898648860951313
1730 0.023990586025556176
1706 0.50931049458323796
1665 0.57970358673937128
1836 0.01394255332445531
1828 0.10106304261128658
1802 0.72513285373070302
1785 0.47073370252320523
1765 0.24016450095327571
1699 0.11174554407349087
1695 0.048168883848041674
1766 0.13556709279662682
1745 0.077175745376542856
1875 0.024461343968240894
1804 0.54161884435110663
1800 0.39114274057957699
1709 0.74687278333486662
1710 0.15052081435994993
1729 0.19654143930330009
1714 0.10661925651402258
1756 0.083328299158201696
1754 0.92631598410597937
1743 0.14221685635889963
1795 0.58449450157320226
1791 0.62243840748486101
1782 0.10439048268436324
1781 0.79035578345047741
1778 0.67348232180909362
1777 0.17787650931068591
1764 0.085170244541344753
1763 0.49472898849982072
1750 0.061836072318248919
1741 0.12449103969440269
1747 0.072714332478432633
1697 0.0054339687961415884
1678 0.010781650710511613
1689 0.012994932689090681
1718 0.157898530271635
1701 0.025022053029067008
1728 0.10358705159920932
1799 0.21307595993103734
1798 0.18592893094284002
1758 0.036568931782442839
1748 0.079578499770742578
1731 0.020728847585952382
1722 0.0048514824660281092
1712 0.020544868400561585
1690 0.024960132681006018
1767 0.14638309342750302
1762 0.18568237760224088
1752 5.8692719213970012e-09
1751 0.84622331135741269
1746 0.10600068676076227
1719 0.074760815595847366
1724 0.024486035195151291
1857 0.63362421464590757
1851 0.024707113433662924
1850 0.019136459099093395
1834 0.031981457871400193
1807 0.1362964172891003
1723 0.065968886921478398
1742 0.72869777855850015
1775 0.032093180669699302
1774 0.039092324647452027
1768 0.053376118875103407
1755 0.064590471956244552
1753 0.050032899692956864
2041 0.079433021729897621
2040 0.020757616033462618
2016 0.23450259027502723
2011 0.057437417066511086
1998 0.06500977527968485
1990 0.043129952435493148
1982 0.70157984368832205
1972 0.066685200009967541
1964 0.091977835536437721
1951 0.66241729009993722
1948 0.5680060514595785
1928 0.049091398370946102
1917 0.34422865454761564
1915 0.050398203726396293
1885 0.027377851335062243
1872 0.024247610219387466
1867 0.15183789682641027
1862 0.10494683890696815
1831 0.69266093425613029
1827 0.55321228343166051
1953 0.036812952055448385
1899 0.018743452608391654
1888 0.017035198878760049
1882 0.53626320947561201
1876 0.29508721028777796
1739 0.17201993104350458
1813 0.11568133360211989
1803 0.031539228507893188
1854 0.72896951231224527
1821 0.58351241526602649
1853 0.15061114941328971
1833 0.62339796623325783
1732 0.12291066889179397
1806 0.54125658849273106
1790 0.67551606730945934
1770 0.62339755051940027
1757 0.55356367421243124
1866 0.83165126867783534
1845 0.85726773082354457
1822 0.75335327070587477
1812 0.66651017844852001
1855 0.29550215341339525
1817 0.52509344175679751
1818 0.24518196606478637
1819 0.26784744661161275
1786 0.094482902862324192
1772 0.080963686885035593
1814 0.089262150000726292
1796 0.041520027721446487
1816 0.083845303961142412
1792 0.5790345219387637
1769 0.66405111043801635
1879 0.37810673606780659
1842 0.073179964873674036
1896 0.6395404315424279
1871 0.58786577657427186
1823 0.57628980066620339
1805 0.83847601198821575
1776 0.83824408535694006
1779 0.13821660330704927
1920 0.27198902533110419
1889 0.62349801095999136
1886 0.34733618076528111
1863 0.84898738041679811
1825 0.9077076124429504
1810 0.13496177107069166
1797 0.66423490277360298
1801 0.10180613358354659
1780 0.16458284531444581
1868 0.86689713543478542
1843 0.91322934405377931
1839 0.6609307321010176
1830 0.34008268604214192
1789 0.84151949543156346
1788 0.23521743755984059
1773 0.76858042345411792
1794 0.10652444224906445
1958 0.015221976132892742
1955 0.028444504048655603
1933 0.015344508264251032
1874 0.0042258230602394671
1865 0.0057576084058861329
1860 0.097810030033975259
1859 0.011004393392519291
1849 0.03160846138073594
1844 0.12829431493371926
1832 0.016905602434006933
1815 0.026402763756118563
1848 0.28252037094835708
1904 0.60205486059389846
1895 0.99472801498102814
1878 0.1071655424045235
1870 0.26212694650314639
1869 0.13972740412169848
1856 0.6213705748028473
1929 0.13163981182674833
1903 0.27649262903867544
1861 0.080256849089304957
1858 0.58108260536532741
1852 0.65682827775545527
1840 0.22517424656966795
1811 0.08512674266357749
1841 0.12653272439025579
1910 0.73559745517060338
1902 1.9286873804187616e-10
1897 0.62265588199551225
1883 0.83222805110299902
1924 0.74888037354218273
1911 0.030888749674890373
1905 0.6474326014141728
1921 0.67996998850619772
1914 0.72227636468362089
1901 0.78440713239360904
1890 0.65109112807582026
1877 0.84254376652241991
1931 0.8316660701356503
1926 0.48978033494077233
1835 0.23197976731238015
1824 0.44812054555340908
1881 0.17953125036715095
1976 0.5334049879500411
1959 0.4548028963405697
1956 0.13349774724184907
1946 0.62884378483811654
1942 0.99958285792268309
1940 0.20701989018369393
1909 0.054845329206051882
1943 0.28243092541861686
1938 0.2448856136090366
1918 0.24343605996813258
1916 0.59134221180900393
2006 0.016751370169720628
2003 0.019498997469276871
1954 0.011554686334088272
1949 0.027087585159085815
1937 0.012039317445047519
1936 0.0024745423328147022
1907 0.0042741587390720936
1873 0.31602544856868503
1893 0.10320226121885376
1932 0.010899060187435406
1922 0.0032829290986368565
1981 0.010734232925516689
1980 0.0075004258935600738
1978 0.017946380354304809
1974 0.033961233536738272
1969 0.0023121190229367268
1898 0.14212847792408329
2088 0.10892662605490337
2070 0.21464070203235491
2060 0.10749624965279135
2056 0.69160148660217013
2046 0.29708426187565218
2037 0.010147824421587249
2022 0.054950978594693153
2019 0.5235997141982569
2015 0.087268519240048428
2014 0.11974416080053925
2000 0.048075872687075638
1992 0.02671889180811796
1984 0.092094499802093263
1977 0.48028762212149978
1966 0.033820617863381509
1939 0.080110563028841383
1864 0.40398866230370284
1880 0.9399641405499467
1891 0.77515053702492609
1934 0.032197695550913355
1919 0.0057526645753110282
1884 0.84992954364010453
1894 0.21087634882044837
1944 0.81372812363083391
1930 0.65698445242241643
1913 0.26614044761276706
1906 0.89779898331877717
1925 0.40636041551828295
1935 0.47484784241254163
2005 0.064131258456864404
2009 0.59116010494065074
1985 0.14957361430705618
2065 0.03492530011995279
2057 0.044009112625895443
2035 0.086215164346923348
2044 0.15671619441288953
1986 0.1252851610960338
1923 0.3323441696002622
2017 0.092683386146285227
2007 0.21638558929799215
1999 0.13437662836702971
1987 0.060645238486653687
1968 0.24434309831702641
1970 0.14316783925784585
1947 0.68351054406871448
1908 0.23426005788285739
1975 0.054542869485227054
1945 0.055985548949534378
1927 0.18183690278923892
2171 0.021974478030393499
2114 0.023002239417843736
2112 0.127965749285368
2109 0.033523263442531252
2103 0.42681098406584195
2095 0.084947106214779869
2084 0.083297365168125095
2068 0.060314338486432167
2062 0.66887157531579233
2039 0.092981347844793186
2034 0.083043909201654137
1997 0.1065754378923619
1963 0.07067661025344335
1962 0.027964586092372082
1887 0.10010413092516671
1950 0.066805215698722512
1957 0.67774427279146721
1941 0.66216025572035608
1960 0.51238561498345925
1952 0.81647376134089822
1988 0.011843159627716048
2021 0.030948814456308427
2018 0.34644522143407508
2010 0.0044405861021921851
2029 0.013444285189578783
2026 0.036195374709522068
1961 0.62781088869037205
1991 0.38347552812028957
1979 0.90371173740845123
1973 0.58537865336887085
1996 0.40951575063602863
1971 0.48089297656812996
1967 0.22154870045211505
2012 0.91387306922506351
1983 0.98561998145403518
1993 0.0429369891527112
2020 0.038978046409299125
2063 0.059582201292429561
2075 0.0030089199733403941
2064 0.042754247913641928
2038 0.087029571174586137
2186 0.014048741548266564
2091 0.046597191951518832
2267 0.0038435108675822127
2264 0.0073904881208221784
2256 0.0068359150574381407
2219 0.0035476677755392596
2218 0.0047762689970955704
2211 0.0025429762929460838
2207 0.0017724225489640043
2197 0.0044589274929264927
2181 0.0042720103055062389
2072 0.86628862841489995
2023 0.85849530229760884
2123 0.15967054601879282
2083 0.45400651563994238
2067 0.18116367751463719
2053 0.036230607375322799
2052 0.06613759159198794
2050 0.0050029061793485886
2049 0.063434473832677224
1995 0.052773842026965979
1989 0.048783803110435467
2004 0.010760008884511583
2030 0.34217133427622626
2071 0.02026969693541612
2036 0.019335144253534765
1965 0.68560818325656125
2001 1.1395181880895093
2121 0.32345804988788129
2110 0.94595317411589031
2090 0.51668942401903339
2089 0.68679518917529747
2058 0.083029244702221339
1166 0.25736437242710253
1201 0.13150548281537155
1189 0.17403317954116959
1301 0.81279392956961616
1293 0.82513203504610333
1270 0.71259483594902484
1269 0.391789566676778
1262 0.72414294690622882
1257 0.77631255662039567
1252 0.76096224870571794
1248 0.18209461686545514
1215 0.74188403938072789
1188 0.72065072429011579
1184 1.1268996298972689
1196 0.13386372309963604
1236 0.7208798747043933
1298 0.68622206156156484
1519 0.6672360175442692
1510 0.038144164841588155
1454 0.11921120827924234
1406 0.071648986718496011
1320 0.13005014402798246
1090 0.96739955098701713
1061 0.81307271199180742
1125 0.88614322682427504
1121 0.45782904230737131
1116 0.64507718627749944
1098 0.2232551565396248
1082 0.64572488007219508
1070 0.75209673085223461
1018 0.86808871190962555
1033 0.86930967269686321
1021 0.93421378451019699
1054 0.76781016038948957
1048 0.2225100496905543
1034 0.87066527690058126
1148 0.076570918426484849
1146 0.24900479869195274
1106 0.096434379126445202
1186 0.19833221130988568
1120 0.17226778494270351
1165 0.042536924515371305
1084 0.3534364653814378
1055 0.014548695203926935
1049 0.10247550108814146
1024 0.07759073355775406
1127 0.18417542399145573
1095 0.52368667199835817
1144 0.028997295641059066
1142 0.029100713878224396
1140 0.085365750577340652
1118 0.041534449722735352
1136 0.66211657235998811
1135 0.56504313500725156
1190 0.10716755988700498
1179 0.10822518012499006
1213 0.045938772536342105
1198 0.05689897821387907
1128 0.83784096482806136
1151 0.95556355882702049
1162 0.44332293460770628
1155 0.58465734240894951
1170 0.90627856403508755
1141 0.58895476400801594
1101 0.34171531327091698
1091 0.17816595935557134
1108 1.0832202379500073
1181 0.949091914363141
1167 0.023346254137558364
1139 0.89732547424397457
1129 0.7120381516253862
1123 0.76728142726493676
1114 0.11501273775903571
1134 0.69696141131816935
1246 0.27162525691125
1149 0.91709967751941046
1205 0.68636586759583806
1191 0.10480424190270873
1174 0.15185000638848778
1306 0.22553712344914686
1302 0.68171834402212228
1284 0.73421409348846767
1280 0.28009597448838913
1263 0.10969133369239085
1216 0.17515731979420232
1203 0.27252223369685025
1194 0.81596485358761228
1177 0.77104624148336875
1175 0.40156607354638574
1171 0.7548898832256874
1223 0.1535734188773149
1222 0.087162064863800931
1206 0.51144274552411695
1202 0.070290393288582054
1192 0.028128345144980575
1160 0.10171794307750764
1180 0.088470337144270647
1249 0.18577271349346849
1235 0.0956943897522987
1256 0.21233834674253535
1255 0.74322994725863945
1237 0.29528010943153937
1267 0.22232552954410828
1244 0.43810040488812357
1230 0.10954966552848762
1318 0.91017069785291371
1303 0.74086179451224021
1281 0.95210920475748562
1258 0.79764330831948693
1250 0.94572187554802156
1210 0.74052158359951803
1182 1.0170939375823254
1163 1.0285283210955938
1156 0.87348883492434914
1332 0.10318156139662424
1211 0.32250408827920934
1204 0.84140589386968745
1187 0.55876380218725874
1176 0.90798982964534236
1275 0.88412486932436185
1265 0.86677207673734258
1261 0.49414359211586445
1254 0.64642085891824153
1243 0.94827779283108016
1221 0.94715601319980025
1199 0.72553553779306279
1185 0.768565931694975
1233 0.90764352578103891
1197 0.75319417472993644
1200 0.19141206844490422
1232 0.062225650815183817
1227 0.13841261723276782
1212 0.042649057536089489
1183 0.088488006894809984
1193 0.043150437090335406
1178 0.88777145603130247
1226 0.04265024479439438
1218 0.026799173003810892
1207 1.0560344627498011
1219 0.90535438811426405
1242 0.16818571436475746
1224 0.8048894076210652
1319 0.79109810541659009
1291 0.15535841195402875
1334 0.27086817884944675
1333 0.28631255683744783
1317 0.28798651204388859
1264 0.13536807709492091
1329 0.76937308711500962
1328 0.83106427435424057
1327 0.94318282980670087
1338 0.86008687451218147
1356 0.12681583294017573
1342 0.67613347998277029
1217 0.67936047055665638
1208 0.048986074974216073
1240 0.017474711933125085
1239 0.011550825239441662
1276 0.18116705229499486
1271 0.067803639322876544
1238 0.087052920202899731
1229 0.076472875385824188
1308 0.34467797034326009
1289 0.027855461960322909
1331 0.10905413570772191
1214 0.17335708610660425
1225 0.1148071444372534
1234 0.12037117351551636
1228 0.5910588037941209
1300 0.75297471650496917
1299 0.84652313708690474
1288 0.97247107535094135
1274 0.85116911318181843
1260 0.2057409379748332
1259 0.052051715990077393
1245 0.047992833608611202
1253 0.054327403178265558
1285 0.040538940221665216
1283 0.03245156222246838
1295 0.62313624738836926
1310 0.84614576628936422
1309 0.94612199003063546
1313 0.020436417536586145
1287 0.054606565271490833
1273 0.12232515766453879
1351 0.28446201573197744
1359 0.08349853962728418
1354 0.017702280995910168
1326 0.035638568930796234
1241 0.015058809700118775
1282 0.05588702204288741
1272 0.02493986807287495
1316 0.071131222933186342
1305 0.16389250963869559
1390 0.91385375158285764
1377 0.096202878245520457
1374 0.085218042080425244
1373 0.92033804906213856
1367 1.0051507118591332
1357 1.1048245183966965
1349 0.077623989962540399
1335 0.85386766185904572
1330 0.15125140932518616
1322 0.65273181643807698
1278 1.0171776440506739
1297 0.56985352072231843
1292 0.9770793496871738
1268 0.76395478324216826
1277 0.15978940071275372
1296 0.084214915228711884
1339 0.053654148346983725
1286 0.014261622412892709
1312 0.028063764266874191
1324 0.021663458423352999
1358 0.15733579006515364
1251 0.0182247752655369
1307 0.012047658013158364
1294 0.029985070185752718
1382 0.01920382087917525
1378 0.026020201239488384
1370 0.0050855205672867658
1365 0.012344488103855545
1360 0.8596762952574114
1353 0.0061289035141670533
1345 0.93665967908044123
1340 0.20907871336720812
1323 0.0030826141380075225
1321 0.010828977900896999
1380 0.01473537366624901
1361 0.015527897155419705
1350 0.094071661801205117
1445 0.027783698916400586
1403 0.088011070462054475
1315 0.10036473631410948
1304 0.026477301286055542
1314 0.84268532750423208
1376 0.85096565911115785
1348 1.0376925894626536
1346 0.86115800945482701
1341 0.87551577564586092
1402 0.87355831499558012
1355 0.3657403049942724
1427 1.0428493041144955
1424 0.00924688953382196
1413 0.88346461946956367
1405 1.0271869619578737
1399 0.89832794781267644
1366 0.84372168391550117
1423 0.05968257853851236
1422 0.052665552133904954
1414 0.98410613922904511
1386 0.051396688107143769
1462 0.033712159298397153
1430 0.05155474362461461
1416 0.11641328342905918
1404 0.46580653548327944
1388 0.060796543159092054
1364 0.013355965168766221
1347 0.036555714225283586
1325 0.0052749697764924016
1411 0.00525435637968499
1389 0.0013560664336155826
1383 0.0038090400838267998
1432 0.0050217266182310148
1421 0.0018801665336693732
1398 0.0050227510651718712
1412 0.0080073616858991961
1394 0.023606855994432754
1393 0.0087289387989692626
1384 0.061849846362847336
1362 1.0106520237796117
1486 0.03616880307778058
1472 0.0092696470122127176
1401 0.0090455001935715335
1372 0.096706671080084641
1428 0.0404203153746409
1417 0.48579048078747522
1385 0.034713258193098971
1363 0.034428699340350088
1379 0.02752287851698778
1500 0.54440106721994652
1473 0.021442007205950152
1458 0.014317643434248324
1407 0.69185464006717656
1400 0.049532866160328204
1437 0.10159053966903783
1425 0.17296605692975328
1381 0.0050905715060936621
1518 0.025406185038313624
1440 0.62396909982521476
1429 0.93418398042138895
1395 0.03526281649855964
1469 0.015495688560063295
1482 0.0065628454341220719
1431 0.77294462367571137
1426 0.001880967016151542
1453 0.0013950113813699263
1418 0.01253276422496034
1408 0.95578404873361811
1392 0.81712521770508362
1391 0.9985999967098822
1375 0.83675076161802164
1397 0.12112841435806672
1396 0.1676347760862317
1450 0.011471257035894923
1435 0.0065773443662071156
1480 0.87338142383132433
1504 0.23326416543784514
1560 0.0026251050350718811
1538 0.010117015627472737
1502 0.004384101531939715
1409 1.0394964727548182
1465 0.89285867075556646
1410 0.0048715313622888414
1419 0.7865494423008127
1415 0.14306343353691145
1439 0.86334223537881793
1474 0.90428538860940177
2051 0.51936336828313656
2227 0.0053995404191551476
2202 0.0006462362230815591
2174 0.016689114740996491
2170 0.0003772321781736338
2151 0.00065385885470933532
2138 0.0028737235474748297
2087 0.010699735930780812
2079 0.012687154410424766
2078 0.022845284583364187
2069 0.022729511462484572
2175 0.25656909914733383
2156 0.58065187889817305
2132 0.60150025627988069
2119 0.03228716824317153
2117 0.6378573649177417
2108 0.04236075047044089
2074 0.17373417819659775
2061 0.22448224733534428
2080 0.41076453813347996
2111 0.046222719561362882
2033 0.020486771374124284
2032 0.0069832932242768486
2027 0.0092284404000545512
1994 0.0064994939818335063
2076 0.0093552279146338502
2025 0.78479159168911328
2024 0.97651561104500217
2013 0.86178449243684641
2008 0.86972327233720825
2002 0.73951444526236421
2106 0.24780708106935639
2100 0.22861171120208557
2093 0.92143288001313373
2082 0.76883010907592886
2055 0.70968747825979206
2028 0.078508529814787592
2042 0.046506540595261436
2226 0.012683720440309543
2206 0.0077320454763645284
2140 0.026048666011505538
2130 0.74996448297141982
2096 0.78240310865893625
2146 0.10268182209726218
2124 0.043901308196936197
2113 0.076734516698925698
2097 0.032414724980505058
2086 0.017994979741946856
2085 0.05772960510860612
2081 0.051309680160706833
2092 0.010037292247734307
2043 0.082120542256977888
2168 0.0073090597721659489
2159 0.0036802760971261415
2107 0.0099884823258294016
2094 0.018053965065459057
2077 0.032024104563905767
2059 0.020994637975134855
2048 0.53183636163536541
2054 0.019117181771008324
2129 0.029117415705299018
2250 0.022897314180923251
2244 0.0026204714967762366
2228 0.024430808647827033
2213 0.0062656454730422298
2196 0.0030599617628202062
2139 0.02841694595625318
2099 0.90607410623094775
2031 0.96157532549466329
2045 0.86940440469327873
2165 0.71724388215157187
2154 0.23257545458465059
2141 0.2172231570273562
2136 0.39297667041779033
2120 0.77858626104960749
2155 0.10367869751770829
2149 0.040431288747380716
2145 0.012705273528357455
2047 0.021183701241127298
2150 0.0059252678203032677
2073 0.036682474748429221
2066 0.020155266902655018
2116 0.010414608269434104
2101 0.023654287174488055
2105 0.86360008796859355
2164 0.621850807958094
2158 0.78663725727051903
2126 0.47097994432084278
2122 0.71187957190307716
2133 0.069794568077065383
2144 0.13906129642614334
2137 0.74707394973975549
2118 0.7279300516738374
2143 0.44620279864677037
2142 0.1859434821527978
2127 0.20988670641535356
2200 0.48289160563842232
2189 0.20329817853802223
2183 0.32200595800013782
2260 0.67567452016311291
2241 0.31338855506338842
2187 0.15624983584889279
2231 0.0064445139680247001
2225 0.0040966765247142682
2216 0.015430084550919604
2503 0.41270448281059918
2502 0.03146862749184326
2494 0.12380159185423635
2486 0.13419728458501101
2480 0.35691045091346979
2466 0.051303854058712961
2463 0.028688119970811238
2461 0.017336346681492434
2445 0.0033297626278287634
2429 0.031249590339763676
2364 0.016685454881641887
2351 0.0078673098225802759
2328 0.020246416457061003
2325 0.008302314052644295
2319 0.047153894347061
2307 0.049129778388060506
2274 0.012555708726459792
2266 0.063393203979680027
2257 0.018729354787093883
2255 0.0085286048465546879
2243 0.024721157896253742
2173 0.056957703799786624
2115 0.0022446832781795921
2209 0.0026476290341441236
2177 0.002129324280716962
2169 0.0012424389726139291
2166 0.0021922125252110858
2167 0.0074247087891363668
2134 0.0031641313151307233
2098 0.0070647693201441528
2199 0.035008218068243231
2193 0.2962377605953036
2192 0.6527495384765567
2131 0.089078648520874937
2102 0.026764796228155776
2163 0.49038967476764356
2147 0.040433907604792825
2185 0.02643468773205758
2179 0.50467279196434556
2178 0.0049332882784918703
2160 0.0058170218760610461
2128 0.0040181613609681574
2205 0.0016650377678572525
2180 0.00035693744896064182
2190 0.00014031900279860889
2278 0.0096274162348387159
2248 0.019085438735622434
2236 0.010659759741210438
2203 0.10205397083264671
2191 0.049911095260815885
2269 0.00026020579107475703
2263 0.0006110625737491118
2258 0.00048870818347477988
2245 0.00030864174230088668
2239 0.0011098211629523645
2220 0.0002743459750109865
2293 0.0090763122812029286
2290 0.00094126951656809961
2280 0.00093477101665170599
2259 0.0011715460855374286
2184 0.017204619040867151
2162 0.013654530014265732
2161 0.0082205639872560809
2152 0.013406109880954292
2229 0.012990009249270046
2221 0.017818227047421732
2265 0.0035275981798935014
2330 0.0019651427376414189
2321 0.0021484899760694847
2301 0.00033877227404898824
2300 0.0013799279600215551
2298 0.0014987400498349484
2276 0.0034942849868529013
2208 0.00065418209133765825
2195 0.0048955534791703722
2217 0.0032243188641156162
2210 0.0046132067302430621
2104 0.012224494248324228
2135 0.96699930050899729
2125 0.73202001669474681
2172 0.13822548932193468
2148 0.1148099645875771
2214 0.0013814082598245926
2254 0.0092316775169208713
2212 0.0084869425868458869
2287 0.0027048022407965867
2232 0.0071841296166446746
2215 0.0016499286743118715
2188 0.21189333771685104
2157 0.017630029743389387
2153 0.7028213387565232
2291 0.0073649055847910044
2288 0.013164578428328758
2281 0.080715914848861509
2223 0.019947759812849235
2294 0.0010824376842683177
2176 0.10919267854238442
2201 0.18747703338941354
2182 0.16438591612382142
2378 0.054347798818532009
2286 0.81017512752217902
2224 0.82341419973487073
2283 0.00044990826497464564
2238 0.001192704462622745
2468 0.0052002862216891698
2464 0.0016524741993566667
2460 0.0031180986873574454
2449 0.0022787857531770838
2442 0.0024897109056888894
2409 0.0056985954471737849
2365 0.0020922509214857722
2356 0.0011412291403538402
2332 0.00022048581198494388
2308 0.0061679532031059152
2295 0.001878900638126173
2292 0.001681663448353115
2247 0.0033473332138060229
2240 0.1092967758845584
2198 0.0048618052638004037
2318 0.10409360451679452
2299 0.14509531637187276
2374 0.075307238010296637
2522 0.054035234491190499
2204 0.42266068022325987
2194 0.22155619321049788
2317 0.0060446048527344372
2273 0.038896137807365089
2272 0.0065111553646063774
2268 0.0084315163230994639
2252 0.30491956308486878
2251 0.16226046217874482
2262 0.0073207820142273516
2237 0.003144818834815496
2233 0.0067319359212617618
2516 0.047551028634410963
2444 0.038367541123829479
2439 0.023257766117809886
2421 0.038665110114499308
2420 0.020421781053200867
2408 0.047825968251266511
2405 0.046884143812355686
2367 0.037349406110130011
2362 0.019883694151141555
2358 0.045146912180050694
2355 0.094260616373841408
2350 0.034642844549663918
2341 0.044597791248277077
2340 0.034620786449880807
2324 0.075689404154195006
2311 0.067660260734752078
2310 0.55932908511373824
2306 0.64289289159451335
2282 0.52235048907223669
2261 0.17043001240558889
2230 0.096417962246239497
2326 0.0051056997699349283
2297 0.0053985241850759971
2314 0.10840130925228439
2323 0.99967633975921222
2322 0.032988422001636791
2435 0.019637387126184389
2434 0.014897633172539294
2423 0.0094083921066651366
2396 0.0034035673948842392
2391 0.005781119621578258
2372 0.03431388121155151
2370 0.013041816258878158
2363 0.034408469824467533
2353 0.065067927392273614
2346 0.012730670168403457
2337 0.015898046641201213
2343 0.0048155586908600985
2342 0.0040809839861046899
2329 0.006028564221686631
2417 0.012515005533927422
2404 0.007269546717989038
2397 0.0059264565854264505
2389 0.0043196294415827931
2458 0.047175350537597111
2414 0.018215611251396546
2500 0.030111423314929577
2470 0.10673827207851115
2499 0.28372002667302387
2487 0.4075959989928703
2508 0.1508950897010852
2518 0.052976892983061061
2534 0.063948253710978495
2531 0.041323876047385869
2242 0.089290633311498696
2235 0.12835595563673582
2234 0.51451324283495292
2222 0.13200911532694981
2418 0.0024152757796148281
2398 0.17383789392982207
2394 0.0071287474074535348
2376 0.13114625213123099
2344 0.033221934384189779
2338 0.0032776732083072873
2327 0.0046252545371115476
2320 0.0032079341712610296
2312 0.016686977718995893
2313 0.0045646327490849892
2309 0.001704412836545279
2305 0.0020713449528751821
2302 0.0030429263863514583
2270 0.79863216134761472
2249 0.22228553735785453
2354 0.046654256468802779
2336 0.28551516187545878
2538 0.01196444337570023
2507 0.022456966402579413
2601 0.028918955172581379
2588 0.10417652130413387
2579 0.025367869953852606
2637 0.13402707195711566
2253 0.092062512031544599
2275 0.00013565613954162603
2271 0.00017332871023979598
2246 0.00014727638555250627
2315 7.9634423208024266e-05
2284 0.00012501729230402373
2277 6.6355824195218256e-05
2279 0.00069922455967395434
2285 0.0002279489896456626
2303 0.0032042294625618853
2447 0.019795291479576666
2331 0.0088706987889642062
2347 0.00013295076011981706
2304 0.00020117227210302596
2469 0.002006850081131939
2465 0.00073448912289373605
2436 0.0033410625021765257
2432 0.00045240797305505666
2393 0.00068685001885927257
2392 0.00038963198809095089
2368 0.00019158756994338449
2348 0.00013035409126617786
2450 0.0028018599650497917
2451 0.00099609810410973727
2488 0.0075541921358574593
2478 0.0071465779406134251
2498 0.020497387618488155
2481 0.0084913546179745218
2479 0.0063069762201522486
2289 0.00077781777696794418
2339 0.0015220968635823401
2334 0.00076173913791358668
2390 0.0029768561451014889
2387 0.0017632891139643097
2352 0.0015417863849898664
2335 0.0014677385609544074
2388 0.0012392456110022754
2345 0.00088762567219027053
2316 0.0010476371261909912
2410 0.0055076628884949842
2402 0.0017246970146448768
2385 0.001934470243781554
2384 0.0027944676237776755
2406 0.059887757093535408
2357 0.024902604811722854
2425 0.7362536125788709
2424 0.094443944941079452
2407 0.34577747372573459
2537 0.0032817761438538985
2528 0.0018517952938388849
2521 0.002488640454313162
2519 0.0024111149835351741
2517 0.00078458482357238461
2512 0.066719232704284634
2484 0.0026263066935522223
2453 0.0088024420236786621
2452 0.058658921451248396
2426 0.0042671306735814468
2419 0.0048304116138144886
2456 0.018781646245617272
2443 0.0076290754175354185
2413 0.23844260016821148
2296 0.00015945215314888372
2395 0.00081836720756792776
2377 0.0016738999631902014
2375 0.00079556934398864062
2371 0.00088213383709000994
2359 0.00069318850099156016
2386 0.00035148149470992456
2422 0.0036440850116112853
2411 0.0055610053263443872
2349 0.00066691663664061873
2333 9.5551623936589983e-05
2379 0.00048372816452696269
2369 0.0014011786443448384
2366 0.00090546369444851336
2361 0.0074930697039021768
2360 0.00048171022315624364
2383 0.00063779138707340248
2381 0.00032414724709720007
2501 0.00018547885540321201
2497 9.0381141362624623e-05
2477 0.00021713370752450404
2457 0.00021648517017033714
2455 0.00059425457926321932
2403 0.0016770928640050281
2454 0.0095203414802647011
2415 0.0039686814223733689
2509 0.035271226332928146
2471 0.10025794081659078
2459 0.034090351577313827
2400 0.047177241405328446
2382 0.019997049168042905
2428 0.0017412562240070699
2416 0.0065552139699851311
2430 0.013603118464180219
2373 0.0082037939627918922
2380 0.00094543424341595296
2431 0.096903709445133296
2399 0.0011157702371765515
2473 0.027907979055715196
2412 0.0013685456704385212
2467 0.001217399528223313
2448 0.00057594386358679635
2437 0.0004543746669964623
2401 0.00030504365030150482
2495 0.00087453716143279052
2482 0.00085833389019688146
2462 0.00073004465907875393
2441 0.00091587307121907989
2438 0.13866168084753042
2433 0.011026145831756326
2427 0.0064170873854512188
2559 0.0020611150329045494
2548 0.0061417611696315535
2533 0.0012450969048209992
2513 0.015189179692200098
2493 0.0077287614274190192
2490 0.0080759792647131148
2485 0.014363497821149845
2476 0.1340048167178863
2515 0.00017190819214930864
2483 0.0004999395182295383
2475 0.0002990413176040205
2472 0.00019131109483667329
2446 0.0071818926191954758
2440 0.0026773782382668154
2506 0.36836468861405675
2634 0.0011394311437780578
2606 0.00098156730245455319
2581 0.00056010746747069953
2562 0.00092851713663575069
2547 0.0017244547223672318
2532 0.00012963482251972179
2635 0.00045296383905625668
2632 0.00050079818842370285
2628 0.0005775257001341159
2611 0.00057402745965006959
2594 0.00084613069410104178
2586 0.00047312454114327489
2558 0.0038428230585003374
2496 0.49771572670152131
2511 0.0007232008713191566
2539 0.0023476682761608822
2529 0.002060030292736503
2527 0.0048998625985752827
2520 0.0013763490550561346
2526 0.0024098281884920381
2551 0.0008509719624593781
2545 0.0019605631223530823
2536 0.0025089464757974862
2504 0.00042650020545554056
2474 0.00035969440370399675
2492 0.00056862840036630646
2489 1.117818097163696e-05
2505 9.5220336719683914e-05
2574 0.00017636159919945285
2546 0.00019244958083445359
2543 0.0039338073192861315
2530 2.4184037703804804e-05
2565 0.0038871572053359844
2566 0.00084058715688373014
2555 0.045926781111905964
2542 0.0030939333238886512
2535 0.0062716017451847038
2510 0.0024789365418968565
2541 0.058658678475471369
2556 0.04067428882291
2549 0.018992417461162855
2580 0.012471902685323671
2591 0.00097046337660432397
2578 0.0014886225932202539
2567 0.00023023971711430425
2523 0.0016091044038705651
2525 0.07637501947534385
2514 0.0033972410238078156
2491 0.016769277670804623
2553 0.059003039103409302
2571 0.51777581733872613
2563 0.020295722986555437
2550 0.0098954497090948754
2614 0.3386305694523824
2612 0.087510585386681369
2605 0.46787084279629682
2590 0.11146205174338368
2589 0.069341273718659321
2576 0.20940582398995067
2569 0.0033056676471369595
2568 6.1732041738114393e-09
2561 0.0015907085516894748
2557 0.83707452613565725
2575 0.016413332531729139
2617 0.16520746570428921
2616 0.49006181854723929
2597 0.12263012471234111
2524 0.40304726715391981
2554 0.00073629993591166939
2552 0.00023813358724204459
2600 0.001675025816776422
2583 0.0035355635290602854
2564 0.00078441283364548886
2643 0.00071681397423308424
2640 0.044676778593781205
2627 0.00028101237754065892
2623 0.00077882804944396625
2622 0.014354503841731675
2618 0.010049571177226062
2610 0.002492875826202856
2603 0.00077137297016460803
2598 0.00078307083544681716
2577 0.91244514630515416
2620 0.19874572605267138
2619 0.4341660344402779
2631 0.048058472731058691
2626 0.071106931302650209
2599 0.11978173785028332
2629 0.16148804014042387
2621 0.44678209718971362
2544 0.13786683736277811
2540 0.1408288860921213
2602 0.012441465879783294
2595 0.018525798819491866
2613 0.18186558251133719
2625 0.2004390672599913
2624 0.75169262301798634
2609 0.16072205483422008
2587 0.22731340104172415
2572 0.35566254515454299
2560 0.06515364686062966
2584 0.022343239353400338
2570 2.5797061272114112e-05
2585 0.038040492494293941
2615 0.0094626897642910469
2596 5.8791567010884344e-11
2592 0.00039905440251476808
2573 0.00018567102707127948
2641 0.00031937882849318935
2582 0.0029862334034928451
2636 0.00042823315464436462
2608 0.0003735593192385723
2630 0.044957481220116273
2639 0.056756505616191444
2593 0.0034297796987022974
2607 0.00015453349271487481
2604 0.00016085534943605689
2633 0.052441943956654094
2638 0.13986370597569839
2642 0.12669833775822789
