469 5.2142803631105185e-06
1 1.4229374411834959e-06
396 5.0815317513260078e-06
285 4.8141499806942577e-06
254 5.6651694305090281e-07
140 1.5393517102611411e-06
73 2.4206722953677251e-07
30 2.1935133265901983e-07
2 7.7459617194282512e-08
3 1.1963319021750294e-07
31 1.9744810215071316e-07
233 9.9262836292199428e-08
166 2.0445855381572828e-08
122 7.9315163436503515e-08
115 2.9080179578927307e-08
51 5.6166231424786962e-08
294 5.5295908017167901e-07
269 2.5808568018416429e-07
265 2.4419012688985364e-07
218 2.5012166509661795e-06
157 1.4235121357747551e-06
43 5.2024093428609242e-07
37 2.50374240162952e-05
311 3.9166895388310461e-08
542 4.3508174157376159e-06
481 4.1343892657503087e-06
442 5.8577569413693942e-05
363 5.7550757847858183e-06
358 5.1440116491342687e-06
339 7.1090790773861065e-07
638 1.369843594829322e-05
4 1.4209279517498966e-06
44 7.5059707537402099e-08
38 1.3927121058925936e-06
36 1.4283009944556897e-06
35 1.4957365788512114e-06
34 1.6322716970832163e-06
33 2.4659877726366934e-08
32 2.6674834209885883e-08
5 3.6833004689310923e-07
47 3.7344266259428632e-07
6 1.213299764653048e-07
147 8.687947451958995e-07
101 1.3790547711919396e-06
92 1.243857972411416e-06
65 1.111358336592639e-06
52 1.3869142077754692e-06
46 1.6481611403193848e-06
517 2.8854588315279744e-05
503 0.00016623129061375566
431 1.7697457763810351e-05
421 0.0001707426928723461
418 0.00018212844887995248
364 3.7285994059594622e-06
359 1.2524419739672733e-06
346 1.1322995048788778e-06
282 2.7577079271013368e-05
272 1.3631118890237577e-06
260 5.8635583021640921e-06
248 2.0580491778014198e-06
225 3.3045001908205707e-06
202 1.8606826541851989e-06
183 6.7516308139122144e-06
167 1.3690048748910683e-06
154 1.60247613453864e-06
144 1.1667392405323196e-06
142 2.0906638230631765e-05
141 3.4721637818429521e-06
135 1.700032502876065e-06
130 2.3115212997418692e-06
117 9.9656286137367301e-07
88 1.271230433737112e-06
85 1.2848590558853148e-06
81 1.1664629992602135e-06
79 1.2118794162763173e-06
72 2.0134064225585694e-06
70 1.2237583469328337e-06
54 8.2881551967706306e-07
53 1.3761636038778231e-06
105 5.1447106543151127e-08
80 2.3674945982609236e-07
75 1.0286328166840704e-07
63 3.1746763554080587e-08
66 2.190086165411142e-07
57 1.1712234333624525e-07
45 5.7859354833630517e-07
7 6.6975384690894777e-07
8 3.617482932614638e-06
91 2.1172488999681992e-07
82 2.0401517526697522e-07
76 1.1465373187056371e-05
9 4.4220045162968858e-05
102 6.492962099871209e-05
95 0.0011923329995640111
55 4.1684580555687043e-05
39 0.00030039032992532847
10 5.6997536251371023e-05
238 1.2518982950570967e-06
216 2.0060233114818109e-06
205 1.361751892419106e-06
200 1.7530762150836091e-06
190 1.6721009024013606e-06
131 6.9718497133910803e-06
116 2.2906080960448063e-05
113 1.1025502654405314e-05
151 2.3244239504277925e-07
11 0.00030298777199720326
99 0.00024892732360975908
49 4.5506659799580878e-05
12 0.0017141513388134718
119 0.00038628823583802124
111 0.0010310636340154732
107 0.0022749070643655377
15 0.01733020254802389
14 0.0018707290093759584
13 0.0001645731782747365
40 0.0011171305768569624
195 8.0732700653237822e-07
187 0.0017612408655637048
177 0.0016446669871911337
174 0.0017789438494697199
171 0.0069710805180809602
163 0.0016997477792841133
161 0.0022559391866006579
160 0.092438080644131018
148 0.62780290199240862
145 0.057346329107709496
137 0.006025960129316269
136 0.00037890267951466499
128 0.00010335713832094422
127 0.0011788253391979055
121 0.0021561184230396509
118 0.00090847464421183323
104 0.0024305632219849102
97 0.0038692202843105764
48 0.012160756904928578
16 0.0039009113064455568
18 0.0059230033017524308
17 2.302376799767045e-05
74 0.017398747990696836
68 0.021157792853586811
64 0.67925197353824907
60 0.10603798848447148
25 0.090147627908064229
114 0.002523609744601041
108 0.00060335752327635205
87 0.0021102819059699782
86 0.0013361462971347871
170 0.00027213880585741303
153 0.0013242795201475071
133 4.0684970327353391e-05
132 2.7865912368517645e-05
126 0.00027003538717792011
146 0.00011569933522458498
138 0.0001255904287333789
184 8.7196911390001808e-05
169 5.8899421199332383e-05
159 0.065605401704687122
158 0.00025529489454115218
155 0.00048793954160033625
150 0.13120914341168047
215 2.1275861151975381e-06
211 0.00039176459154027419
204 2.9213644526134161e-06
188 0.0014081835413396163
234 0.00027705308498533336
223 0.00033941130346996099
213 1.4726770938444922e-06
198 0.00010835918333247953
194 0.00034524994874023205
19 0.69070027554085134
24 0.12730185098342667
20 0.050139652520006663
59 0.020259373527823258
28 0.71192675422634999
27 0.012259199370588388
26 0.03142764808971605
21 0.8328832914530967
29 0.036889083172351719
22 0.061440339128917276
62 0.018050779776013007
100 0.022276192761980129
94 0.7322925950773066
90 0.18255653511559966
58 0.012869766698332404
56 0.10504644338414555
50 0.14606055350739555
41 0.015755472509466892
23 0.013927172544113168
77 0.02551818400022449
69 0.0051166368996822002
42 0.0030633150331776039
222 0.0087005868214978088
203 0.0010914938258651517
185 6.7488385190281e-05
179 0.00074759523369066088
156 0.0010714251643704562
112 0.0052558377313724793
61 0.019295484713541949
93 0.0048120753524894021
89 0.00048714380319380432
83 0.0033914062300697896
103 0.79455435706188327
98 0.020949525433235448
96 0.055490841640239097
78 0.0055879939856058819
84 0.015513111950773532
71 0.01519209521901064
67 0.016762467132565909
109 0.035155334344405931
300 2.7822852625181921e-07
284 6.541107794696184e-07
229 8.0549674131862213e-07
397 3.0568600145541264e-05
382 5.5263969064678397e-07
365 3.1090406641052332e-06
356 3.4489233375198223e-05
352 6.9590541800119832e-06
425 2.8716207996991252e-06
422 3.3317382961694886e-06
394 3.7251001580416707e-06
373 8.1448841031781236e-06
347 1.5533644971118355e-06
335 6.0272866425112613e-05
313 2.9406171508485115e-06
307 3.3435643299332797e-06
283 7.9132969813885739e-07
274 2.1104224993734887e-06
268 2.5840998716845615e-06
379 8.7650957613833361e-07
401 0.00027377699361810066
360 3.8851821386514072e-06
458 7.4216163629978743e-07
504 0.0020623853653227169
524 0.00035073025244952439
452 6.7916212780857067e-05
437 8.0529834682978538e-05
797 6.3572347363261873e-05
781 0.00092100640282659601
763 0.00056117616652575242
720 0.033674158241302418
706 3.6240348116648238e-05
686 0.00033451740152120316
611 7.0925693578507465e-06
585 6.4029693157857511e-06
560 3.4065661442707545e-05
557 6.0711984487449586e-06
545 4.6069425242777523e-05
541 0.00017652672426669356
476 2.6128085419234882e-05
571 0.00015254066696912536
182 3.0580324501070487e-05
139 0.025294559721329431
110 0.02141598781952022
210 0.0072794504490973086
209 0.060319687778184868
181 0.67887006030204189
227 0.10222067531432061
125 1.0719704830885838e-08
124 0.00053826025977249902
123 0.015075758196895295
168 1.3373069176161344e-05
143 1.3833765343534445e-05
264 4.30255551780357e-07
249 1.3121140055122802e-05
244 2.9083436577260398e-06
106 0.037554160912114311
120 0.060104169566527345
129 0.11053533235950305
134 0.0026030253236186485
176 0.035382718984803656
165 0.079347468509909466
164 0.65810372760558733
173 0.032381380418070739
172 0.064725348293116616
152 0.010792478214852736
175 0.014723726126274601
197 0.054277455449868006
189 0.0023884068840582069
180 0.011313905842248178
162 0.0017715063652342393
196 0.003511839172128918
149 1.2355358154915931e-05
329 3.2505396641270536e-05
279 7.6726551988020688e-06
278 1.5695934441595331e-05
241 6.9718995542428418e-06
212 1.485027502333685e-06
191 0.00023158969539145149
186 6.6010780839897762e-06
178 0.0088774946510612497
201 0.59533602194153334
199 0.078829676481786404
192 0.0061151837599065948
253 3.6171557724896515e-06
193 1.6173532462673168e-06
206 6.8362783320034359e-05
208 0.046384595300198721
377 0.00020274168674095215
372 5.7594916529331062e-06
371 0.035490236450973871
354 0.0011088810193394189
349 9.3277454893796684e-05
343 0.00024839504307404823
340 2.6376006249256141e-05
334 4.3859220866370164e-05
333 2.0280298128777225e-05
318 0.0035530093616947958
317 1.6367258310279615e-06
314 0.00035712831734283708
312 0.032555255927689604
310 2.2869762227877022e-05
295 3.3939953162090625e-05
288 0.053796477583918166
270 0.012763017569488715
261 0.0013437333242679694
386 4.0950463325678989e-06
429 1.7190254990643302e-07
402 7.8981521867250719e-08
392 3.6573612952547945e-06
224 0.011698965457543758
219 0.0076267395148280782
255 0.0014427412001801825
262 0.0018128570389079216
259 0.0045967261654760849
258 0.00017054827293122411
250 7.8998258446692749e-05
214 0.067253499950900283
271 0.041057243517082204
263 0.66223759799040027
245 0.27441661308012921
239 0.003494772692689308
235 0.041997867362091185
220 0.0966586695840988
207 0.0086495392947368282
236 0.010004430310076338
232 0.065474058119799367
230 0.0012903941582532174
226 0.0023683094206035987
217 0.01564591855709116
581 4.1134211480006612e-05
580 0.00018184789934224603
464 0.00026535912989060506
433 1.8342142756992776e-05
408 4.6452381470457709e-05
404 2.1576217127668226e-05
428 2.3996934998210192e-06
231 0.0083460488829215137
228 0.0093833243397409699
221 0.019590791730470541
286 0.01125087288472759
280 0.0059767194466228638
273 0.033669039218411703
296 0.75555799709390281
341 3.5750668192257117e-06
368 0.014377099458608791
342 0.15629950768215367
305 0.05858307219427826
378 0.00091458208065924907
366 0.0015739177683967381
355 0.0031034323437827563
393 4.708786792112309e-06
387 2.8474928844879853e-06
482 0.0089843371540497055
478 0.050544958927130575
477 0.001986792590161698
474 0.02109376845183375
450 0.0018429442191463907
447 0.60274958771629161
444 0.0022995527001658756
434 0.00027399923977166295
420 0.0043146322206398316
388 0.039320853998196278
375 0.0067009943493375173
419 3.2743888751985453e-05
403 7.7749505765749384e-06
395 3.7657900711278805e-05
430 9.9818813355058352e-05
427 2.4638956542127641e-05
252 0.091361936840439542
242 0.0066609762736179147
243 0.020384091674479566
251 0.0053812707156031571
302 0.091480147504769557
301 0.78808875335626594
275 0.75948640566453951
246 0.0037995045069022819
291 0.1068565279161636
256 0.014200747104367108
276 0.023544904006455269
266 0.040212113122276551
247 0.091815953680768392
237 0.0065903677939663369
277 0.095018196698677448
267 0.7035105574595325
257 0.78895588862022903
240 3.5736040691708812e-16
287 0.5755016569673389
292 0.011435244686732009
290 0.048550257240312159
289 0.0040557855105185061
281 0.0029032383104511221
324 0.0044641997608716854
322 0.016281225967677868
298 0.022760398355970581
348 0.6741962795653148
338 0.67363764338135168
330 0.008318632922628284
325 0.7609823527893097
320 0.098794006341460294
309 0.20555967681090245
303 0.1038459341044921
299 0.20053919643459331
293 0.019395258774713483
306 0.084761255069729022
327 0.10566300726230776
321 0.12934176566435632
319 0.71395652996040304
315 0.17418538590145186
316 0.78261161182778871
308 0.0851950696892428
304 0.071248039542640904
326 0.0035305111989734749
297 0.0067810752316810287
480 0.010225762818603563
475 0.00018404772680402162
435 0.003062213603977593
415 0.015074238355210991
414 0.010562258603668974
405 0.016427069162374627
381 0.02826689940757212
370 0.0014115291266321036
351 0.003801757618400522
331 0.033437279582178361
323 0.012812982694448163
362 0.07752125965515537
357 0.12458752450055235
337 0.078357299897854171
328 0.023210923138312065
369 0.050395819601358686
336 0.003517082728736519
600 6.5512582109445477e-05
547 0.0055624159833048267
530 0.00039723071808776144
353 0.0015752625288027607
332 0.0042254264798980371
345 0.030002691915195476
344 0.041918192816256944
391 0.0009944471787381344
390 0.64328363070555905
389 0.026206557792929668
350 0.011049410137132608
384 0.0081716095521138284
361 0.11610796607749849
400 0.97591183629204292
399 0.0088874968732094092
385 0.00034827330324937832
383 7.8778761622296423e-05
380 0.014759818755684622
376 0.00046104874930406675
426 0.00016515800058701112
417 0.00017872550041624522
416 0.00027345182488522129
409 0.00021922163198646194
407 0.00023854584213186554
492 0.0009930595338663369
451 0.0035569030181339585
413 0.0067738457979787895
432 0.0010988437411905212
500 0.00097791838944948973
467 0.0002850249133427391
463 0.0073773088102699353
448 0.0011351578212907625
509 5.0168076246313352e-05
506 0.00024311922176000297
495 0.00049050775972968113
494 0.0012269957309853862
398 0.016024239450997027
374 0.010058267702445863
367 0.79654019472300364
449 0.0038685738350485287
439 0.096674003464392227
470 1.7041346727705091e-06
461 1.8216754493770858e-06
479 6.5026220434205229e-06
457 1.1941418933790105e-05
456 1.7375906404119447e-05
466 3.0002097275491642e-05
453 3.1045835147783006e-05
671 0.00043328893585778915
648 0.00012700861551256904
488 4.9931107983134147e-05
485 3.0366631114988788e-05
472 2.6976532348540762e-05
462 1.6514533479735652e-05
443 2.7176965769425039e-05
440 0.021788810318789854
423 0.069745868663449034
527 0.0079614064466799975
513 0.061269654515295799
505 0.0017582578186636404
496 0.0066057996080450846
471 0.0044469309268507767
465 1.9236926476963561e-05
412 0.0093040909749445653
410 6.5397894987153323e-06
406 0.00028682981689716656
424 0.0013593718991352639
411 0.002082030124020127
498 0.0058955797401224119
490 0.1225686577613303
455 0.1507412915452491
445 0.082829225055725653
460 0.00013449914923653638
441 2.0150034498803403e-05
436 0.00015959365744227602
446 0.00030578900223895972
508 0.095952898212401591
507 0.064404480418870397
473 0.00015223253482714614
459 3.1247584425687404e-05
438 0.00016045754794381302
535 0.00013862795481786795
516 2.0537834992774383e-05
491 0.00067106420552001894
454 8.8722688732217547e-05
526 0.022698268031922892
522 0.0022778381164661279
510 0.0059592439682370603
489 0.0029835051177179686
512 0.69254010345883288
514 0.022949627725959685
511 0.65474021219254197
518 0.08346898023643301
572 7.6375576488319156e-07
538 3.4703343554550628e-06
521 1.4658400252898312e-06
497 1.9635495581006537e-06
487 9.0314609111902432e-07
484 3.9200133531610034e-06
501 0.00041378455683880629
499 0.00064738244245085065
540 0.0018542149635698577
531 0.00075641988266219966
528 0.0002143276215874539
612 3.515228150271295e-05
597 0.0089244761802742007
596 0.0020809545500788383
595 0.012409235959958196
588 0.00046070379469726765
555 0.0010714611002695352
549 0.14388541631442303
546 0.0067077269235472237
525 0.079472525289057711
483 0.00023481744175861562
468 0.00040749141069296434
936 0.0013730296791967876
933 0.00060179945894514326
919 0.0008876799032280922
914 3.391161975672169e-06
912 0.0067903116834196753
896 0.041107776840604598
882 0.073856159028183488
877 0.55503820478704569
858 0.0004411969458055594
818 0.00029066026116421708
737 0.00029083877968085766
729 3.3650346112040048e-05
727 4.599977406636958e-05
721 0.00051892822799331812
700 0.00034026972702854146
691 0.0018613055396201582
657 0.0026861226457747397
622 0.021313170952797111
533 0.00065396642298846128
486 8.0588680653540713e-06
626 0.89173972035291349
623 0.82143317309728903
617 0.0016864713187449236
606 0.011488350287875843
591 0.007629332220157852
587 1.7829023756892522e-05
584 3.1019849787437211e-05
583 6.9547277659683823e-05
556 0.00057068299514113961
515 1.5549317569811803e-05
502 0.001212215318536264
493 0.00025987556855389224
849 0.00012062657238363359
837 0.00061021911412128583
812 9.5773276631728522e-07
808 2.1448724520125354e-05
792 0.0001124571848876864
786 0.00067422685477372683
782 0.00011675228987239414
693 0.0028885562369933577
616 0.00021406596666362097
565 0.0030171689174583504
748 3.8650190811132381e-05
811 9.3206869793544526e-06
810 1.4700070883228626e-05
791 1.6203872355054703e-05
692 3.669210803248146e-05
715 0.0086334181480202162
704 0.00039890920458214585
770 0.0031265516644861245
762 0.016042320583957236
754 0.75287859607050145
747 0.081162736938659191
744 0.019698674391451315
714 0.0037695857009924822
809 0.00010073306507926534
861 3.3163985052186691e-05
519 0.019253930100724476
534 5.1252580168100608e-06
701 4.8303715967062941e-05
699 1.0533188591238487e-05
641 5.6056233909490527e-06
609 5.8656655922373422e-06
607 4.2109127163001874e-06
537 5.4310194784369478e-06
520 3.9662939521112719e-06
954 3.0598382085664966e-07
973 1.2970956466303391e-07
950 4.4514054303552444e-07
997 1.0288268301569527e-07
989 0.00028994929991467606
1046 0.00022071376746576324
951 0.001068150394605481
1207 0.00014889459950755279
1189 0.00067648342218486874
1131 0.0007497467443569948
1004 0.0014166912006549097
1092 9.7170035330526068e-05
1095 0.00016853242611964144
1053 3.7758998548333768e-05
996 4.1390643719914309e-05
1154 0.00028037591065603395
1196 0.00012345049685750099
1158 0.0019910698728295233
1219 0.00023277214667224508
1182 0.0013940584118471246
1174 0.01107142653223963
1167 0.009442360034961168
1226 0.012676309694110341
1203 0.0011835504822105473
1177 0.081039040154101391
1137 0.0049218782556484462
1316 0.0073278695502479851
1309 0.040943228169591644
1258 0.0058947960413190852
1247 4.7534992784241558e-05
1232 9.4439765287501482e-05
1278 0.00051465724642164206
1265 8.2376481108679736e-05
982 8.8071348269694788e-08
987 4.6323383395676419e-07
953 1.7626034052019581e-06
1076 6.2089870021752601e-08
1047 1.0964067703812542e-07
1042 2.291062721931252e-07
1021 2.7139387574428535e-08
1016 1.9789017391374661e-06
955 2.6852347080151061e-05
1087 0.00016041623197102708
1138 0.00038603907478691713
1120 0.00079415399223239415
1090 4.4218588182772848e-05
1074 9.7981314138933036e-06
1071 3.4874902966832455e-05
1067 6.4714118566286215e-06
1063 1.1488770261105611e-05
957 0.01578481958671181
985 0.059415189395932849
956 0.0069218066908507377
1072 0.0013455509610808714
1066 0.045758236881536858
1059 0.59658591621030432
1050 0.0059791287225380236
1030 0.012451924351375139
1028 0.0095127423017401253
1024 0.0067494194676535882
1023 0.047466714184715618
1057 0.0023205679421363741
1039 0.0041941299937608605
1084 0.00045038746854350099
1073 0.0090845841741023434
1062 0.0014896923331858066
1040 0.00045883820294873826
1027 0.009976846727662244
1166 0.00036670669677163248
1140 0.0026614975790684508
1139 0.0024930314396782319
1134 0.00037976108362286682
1133 0.0004315456563660149
1113 0.0003909860812165816
1081 0.014895667535440107
998 0.00010240761891500351
986 0.0007395919730082193
958 0.0002439001042495174
978 3.7940530061327934e-06
1036 1.2752252395961679e-06
961 4.9573469460913965e-07
1211 3.3335400749103487e-08
1210 8.2569005676026683e-07
1202 6.9743016213566304e-07
1180 1.8380149023204753e-07
1179 6.3813173433044746e-06
1160 1.1163953386573146e-07
1129 4.2549978838359741e-06
1114 4.4764770138140645e-06
1108 1.751743797747695e-05
1101 6.5412537656904563e-08
1088 3.4910552772614654e-08
1079 3.2511502855176113e-05
1078 2.7840027480997395e-05
1064 0.00024797260382005505
1035 5.2505836358008987e-06
1037 1.0439675601682323e-07
1065 7.0527844443527426e-08
1020 6.0518141212466817e-07
1015 5.3397203607911887e-08
1068 4.0638439737697917e-09
1096 6.1642057883223936e-09
964 2.4167288104102563e-10
1001 9.8372050660010279e-10
1045 1.3107453039567547e-10
1041 1.094839978410972e-09
1003 6.3421969299242758e-09
993 1.4666273848314929e-09
975 7.1275778717348699e-11
1075 6.2015209665174816e-10
970 2.7857389259546227e-09
1006 3.688047736425689e-08
969 1.1365868950723124e-08
1007 7.2214193252162679e-09
992 3.9790259083351251e-07
979 2.8677804022914614e-07
1008 3.2948479831110953e-07
971 3.1699431108684347e-06
1017 4.3884888701391981e-06
1070 1.8927794816380372e-05
1061 7.5662420459833837e-07
1058 2.0420488791920229e-05
1032 2.7215278214048222e-06
984 1.2512022985553209e-05
1093 4.3146027876086925e-06
1105 3.1025226805336815e-05
1025 3.2788325874148047e-06
1019 1.8148563305682339e-05
981 0.0092837338852755739
1125 0.00098952438276445889
1086 0.0012377069485643754
1052 0.0079702446475741293
1011 0.0020763982837652853
1085 0.0016753714043951751
1031 0.0012502667296584666
1002 9.5347576566228765e-08
983 5.2541678310568771e-08
1000 7.1041613420852181e-07
1056 0.073854026993080121
1099 1.0715365965763203e-10
1124 1.6664704166266825e-07
1122 2.8436563752794145e-07
1119 1.9672979717123163e-08
1069 8.9538767335605708e-07
1060 2.5574320521210568e-08
990 3.428690804189299e-05
1009 1.3155132093230881e-06
995 3.3176666423561924e-07
994 1.0068918513662649e-06
1033 2.8303491417030366e-05
999 5.4948692807163943e-06
1055 3.117801166254468e-09
1051 6.7273395318456615e-09
1044 2.2879545825448839e-13
1151 0.0092894477308263137
1141 0.074964297393157964
1130 0.005839981095597844
1127 0.0012392465729509693
1126 0.0017999447649168132
1107 0.0014369902148945706
1145 0.003815642442914065
1164 0.048078277816441563
1162 0.0059560509769864631
1100 0.00012258686227329746
1054 2.4457335451734285e-05
1014 3.8596926570782063e-05
1029 6.5194147007714109e-06
1117 0.0014807786888866525
1082 8.2639137769915274e-05
1098 0.00046826381254721101
1094 0.00018790877023587124
1077 5.8377819663677433e-05
1104 1.8245257683382694e-05
1173 0.0001254224426210329
1168 0.0010987542410163837
1152 8.7980205894324832e-05
1132 0.00026106315402741801
1128 3.3786813968100256e-05
1026 1.5322876413228379e-08
1089 1.0649239922203871e-08
1111 4.0977675549996013e-09
1112 3.1326978083723217e-09
1080 6.6438055737864279e-09
1083 7.3472644707903413e-09
1165 2.6368612749524686e-08
1149 4.2418289269354667e-09
1142 1.9268153529307603e-08
1102 1.361540971045572e-08
1118 6.0286775104830571e-09
1146 6.2753964042992999e-09
1212 8.4385834878665822e-09
1199 9.8520003341604992e-09
1155 8.7058064708439349e-10
1038 4.5071496942868884e-07
1169 8.4691102215477373e-07
1161 1.3661920610232051e-06
1197 7.2932302769259409e-06
1187 2.6497311345479578e-06
1143 0.00014927766346204939
1123 1.3244728420963559e-05
1106 6.0995997001247097e-06
1049 8.8088220876671355e-06
1121 0.0018559810493576179
1110 0.00011773500414183871
1097 0.0012863879581566549
1091 0.0030799870583193161
1048 0.012974895692937955
1034 8.324742196319059e-06
1153 2.4871414525183536e-06
1135 1.281374265497453e-06
1183 5.9970423100524448e-05
1327 4.51780687749452e-08
1312 2.9452632208516539e-06
1300 3.7694441195796065e-08
1262 2.265187916088666e-08
1261 4.1773445857321823e-09
1254 4.0204712209690892e-09
1239 1.9040655917839362e-07
1236 6.1688412698203569e-08
1215 8.8669467670288818e-06
1269 7.4466099953490683e-07
1227 1.2234423036587518e-05
1221 8.4685770645511005e-07
1206 3.8630086910018681e-06
1163 3.8844330326823587e-06
1253 0.00070280838615075197
1156 0.00039716624834696399
1136 0.00020216904324916476
1115 0.0019771574802094427
1109 0.00029115947766152951
1147 0.00093592296576366387
1275 0.00012445113478822526
1270 0.000187400131430416
1255 0.00036010961913387818
1223 9.6130692761786958e-05
1176 0.00018071756693389151
1144 0.00045653774763701433
1200 0.001747192812983098
1302 0.003247111493418046
1282 0.048424690096400887
1272 0.034048213199581824
1229 0.64282755051120599
1172 0.015375128885506593
1194 0.0056123434373283919
1175 0.0058727215425867308
1116 0.0024175923898983442
1103 0.0032860621169850663
1170 0.00013447437616461474
1157 0.00046012286102841928
1242 0.026101255918735539
1225 0.0028029150631612475
1216 0.0026301580471816059
1213 0.00042553318527784983
1184 5.3755428830931176e-05
1150 0.00013366196808801641
1185 0.0036926013715612065
1171 0.01002624131950478
1193 0.00068874994088439243
1251 0.00050682001095394202
1235 0.00013720614041820252
1209 0.000148431198928018
1178 8.4756588605530838e-05
1205 0.00038197438963281357
1191 0.012428218136807083
1315 1.2697392980995358e-06
1301 2.6742066139283404e-05
1246 1.4486830378996344e-05
1222 1.7733549501754054e-05
1218 3.6408926643978418e-07
1195 0.012838280357578826
1188 0.096117799292612424
1181 0.0030189829875272608
1324 0.0028180280775679731
1318 0.0041397074255730415
1292 0.037869087814075927
1224 0.19996179378882198
1198 0.63352371614338276
1217 0.0027492550999017595
1159 0.00060680931409319778
1240 1.3961468132367385e-07
1204 0.045451992892491092
1190 0.018505243533653588
1234 0.054018059844938862
1220 0.00054043860788611869
1201 6.501087778053144e-08
1192 5.6028695387999019e-06
1186 2.0075575697463451e-06
1280 1.9506582079120969e-05
1311 0.00019141838541953779
1299 0.016912275847709254
1296 0.0012391320328901014
1293 0.14137185873273353
1287 0.013924176616254526
1284 0.0067914562618668992
1250 0.026753522591914582
1237 1.3976976373295305e-08
1231 9.5331478290087075e-08
1230 5.4769992450832399e-09
1148 2.8039737946793852e-05
1350 0.59647549962823132
1346 0.13300332185751695
1266 0.025643765732188937
1252 0.0035590452993018696
1249 0.0016074607041016448
1248 0.00042255641543654528
1241 0.00028228633383008985
1271 0.0032461913717327893
1264 0.015507771262512463
1257 0.014784299436497774
1243 0.089132220642673718
1208 0.080188735857727469
1313 0.11962354174203706
1308 0.01260506193639287
1307 0.6663510361771906
1525 0.0022105130033817995
1523 0.0028680858410146362
1522 0.00028115974523201836
1491 0.0017698779169246759
1445 0.00025951131672553407
1419 0.0015167245851032661
1416 0.0021664474708664437
1392 0.00032203424489917425
1369 0.0060784433498338236
1357 0.0088102358430639134
1470 0.0013486634161947253
1450 0.00046555278498936099
1363 0.00010527375287628724
1238 1.9357792462719999e-05
1290 1.773339528930524e-05
1274 0.00018377131417410188
1295 3.0836925751613728e-05
1291 4.3241157548697715e-05
1285 2.7094434956348657e-05
1294 1.6032658253609388e-05
1342 2.6536184354590565e-05
1339 1.6383003438753031e-05
1332 2.0763681588174278e-05
1298 0.00038713865652651119
1297 0.0014288708105837141
1288 0.00026431159091702509
1281 0.00013742880140793216
1276 0.00080252435644327907
1263 0.0019683069239484594
1256 0.00048762357492848944
1337 7.8382969412986492e-07
1328 2.5583726595229217e-07
1325 1.6194418150044642e-09
1303 8.1297494190497766e-07
1334 9.3784079078535948e-06
1322 2.1253761468373376e-05
1341 9.6586082496635439e-07
1336 3.2059283201611483e-06
1214 0.03478620212091061
1244 0.014112744979907237
1228 0.60395228895644193
1454 0.00058118651263851023
1453 0.00019720635344725666
1402 0.0001240172301698361
1389 0.00018344067011979157
1373 0.00057355239531668137
1359 0.000387797250549515
1323 0.0060343601868284094
1245 3.7483082978545976e-09
1375 0.043760061790341469
1365 0.0042028838506516899
1352 0.00022940682389506245
1353 0.00015913793102962032
1233 0.019739506142650558
1260 0.54058203342611311
1283 0.011290744026680264
1378 0.051965784018077436
1370 0.0052616891751749665
1420 0.00021331678265266004
1403 0.00010358770161943919
1383 8.2955518887418795e-06
1374 0.0060326882064496911
1364 0.00013811435484711138
1314 5.8255763112809353e-06
1310 2.2173024181874557e-05
1305 1.1554522012107796e-06
1259 0.049194766798192721
1289 0.072629001632209089
1279 0.11186407606309927
1304 0.036468072119434695
1448 0.0058949244354218567
1425 0.005901613741766518
1413 0.0021394193564141005
1406 0.027254058643161504
1393 0.10322077591597821
1386 0.011699684474841944
1358 0.7641694936163238
1351 0.79298124864128938
1338 0.063054278288468435
1319 0.0018141278721745245
1273 0.065490992626085362
1268 0.0049616041297526328
1267 0.018443700269629625
1379 0.051391693099981289
1354 0.036131854145706743
1330 0.058709481865467122
1277 0.001808593341705046
1286 0.012368276394974845
1320 0.0011442399183500937
1847 1.3835612132645017e-05
1841 0.00010310051199958993
1808 2.9320106414338367e-05
1796 0.00015310504396045665
1765 2.6902109772304542e-05
1764 2.1105496385621147e-05
1739 0.00020143938285782247
1692 2.8197718147207776e-05
1577 1.675623722811227e-05
1490 0.00018073539619123258
1469 6.5499125152688564e-05
1422 0.00015333654797505635
1395 0.001016928618117088
1394 0.00011705620055437141
1391 0.00016615579287922755
1387 1.4600435014044473e-05
1377 0.00015028827026331202
1345 0.00020458210254192111
1399 0.0002079738530614062
1372 0.00020193348002823031
1368 0.00079864513813942281
1367 0.00030122272565554902
1362 4.4195251198110204e-05
1329 0.032909937485696435
1326 0.0015005103673897036
1443 2.5901774270837002e-05
1439 9.4596120301415162e-06
1384 2.3102702529394407e-05
1361 4.5529719183482807e-06
1348 1.0551441516496604e-05
1347 0.0001095677887793548
1340 5.7467630661830698e-05
1344 1.6020326454938246e-05
1335 9.6457479123920814e-06
1331 1.4290314673939758e-07
1388 0.01836852421506267
1376 0.068927070798118703
1366 0.01430962786883995
1306 0.66790618733204898
1317 0.095108298849248082
1333 0.14779810218687758
1321 0.089006872097108919
1430 0.00046821228760623556
1429 0.00074243912175040545
1414 9.4582728393686224e-05
1411 0.00018903693060834625
1407 0.0096809445622930927
1404 0.014056400140926987
1400 0.00030068583835140818
1382 0.0011052575167974719
1371 0.00055518159645229291
1349 0.00017918409708781989
1343 1.825050269121982e-05
1447 0.0018988439250466164
1446 0.00054532822135038678
1486 0.0015972660433837139
1500 0.03332542953444606
1494 0.0033830276388870637
1485 0.00038281081936766847
1481 0.0079071634517446816
1397 0.74983303686534242
1396 0.17931997831885474
1380 0.051641328452654643
1360 0.15004006274769394
1356 0.71605384115830617
1417 0.02144187740743712
1408 0.033562717463246586
1435 0.001419490678941206
1507 0.0050970068193218797
1863 7.4294200497504467e-05
1855 8.3032440663845881e-05
1798 0.00015196568128344497
1771 8.3803377922274757e-05
1687 9.5610914647179231e-05
1676 0.00020656271872028631
1662 0.003814898358321937
1651 0.00078211724873419734
1639 7.6181665645405611e-05
1632 0.00019537331533207088
1617 8.1155969726035628e-05
1606 8.1232777055718406e-05
1597 0.00017442730541852234
1595 4.2313124197653558e-05
1571 7.9518721473606748e-05
1545 6.1542047493717199e-05
1540 0.00017362590967486205
1527 0.00049625326064648182
1510 0.00018965225879505695
1503 0.00018840637740907343
1526 0.0034964787632583661
1807 5.6395446901378674e-06
1778 4.8528860321835756e-06
1456 6.0323749550558406e-05
1423 0.0002262465866191297
1409 0.0019034471103461072
1873 1.6023752608790266e-06
1866 1.2831100882992501e-05
1858 5.0096736961662488e-06
1451 0.0074922087908213348
1405 0.071398291284201276
1449 0.00083714545551105734
1458 0.0010698739473685521
1452 0.00067378961801505509
1474 0.00042182992555937207
1472 0.00021779112178182196
1466 0.004701523358539671
1459 0.00038436010069312857
1502 9.9608065974389023e-05
1487 3.0522111845521414e-05
1464 5.6124553660610517e-06
1570 3.8096609634790379e-05
1565 0.00024353618478623057
1561 9.4750745783194992e-05
1555 0.017470045056235384
1553 0.0040982073360196145
1549 0.00017756678783858011
1548 0.00045804708472660632
1546 7.3522642332942388e-05
1544 0.027285220475190934
1530 5.0425781691571951e-05
1519 0.00037232739384172566
1514 0.00020236245066604662
1509 5.2675440746805995e-05
1506 6.6035418231088502e-05
1499 0.00014537354719346531
1488 0.00027777136008134328
1460 0.0013814713824128466
1381 8.1650262645488555e-06
1355 0.00013961680418185068
1442 0.6706758571742113
1437 0.10986782966022009
1412 0.058444101454839727
1410 0.024221145081536173
1436 0.082900619432931005
1390 7.1783743993413752e-06
1418 1.7609203250263473e-05
1433 0.000978780290341103
1426 3.8145910541840381e-06
1401 2.9876221275795074e-05
1385 0.0012995752650568201
1434 0.00016340103484454113
1424 0.00016368600240818418
1415 7.6984579768302479e-05
1889 3.6321654513778257e-07
1421 1.8198505854961364e-06
1398 1.4841802621117713e-05
1463 0.00088766203313171189
1444 0.0095481373001822575
1431 0.00010882773297433273
1432 3.6828370677852698e-05
1441 0.00036942390170408538
1438 1.0952550106713408e-05
1427 6.1061266160521479e-09
1508 0.93305266831098954
1478 0.00038955117127989643
1476 0.0019351794748378784
1468 0.00028211682053395237
1501 0.017078280678648944
1479 0.052342460620862702
1477 0.086602984376801626
1457 0.083849304697473662
1455 0.67780377037349138
1428 0.0064790191075127165
1482 0.00045860777237433678
1475 0.0028115584627416532
1471 0.00030481744839397541
1461 0.00041176251270826168
1440 0.044542555447323821
1484 6.5747571134488613e-06
1473 5.4859807533940241e-06
1465 0.00019380770745851909
1467 0.0013251880795904186
1462 0.01867646498043439
1497 0.0017727848860305156
1492 0.00034951107794757265
1538 0.0070913520754985445
1504 0.024178321975604905
1539 0.0033699530790481441
1493 4.9281088570008984e-05
1528 0.013618493956046758
1513 0.0065705376607855959
1512 0.0010238485249960366
1533 0.0023076773858237199
1517 0.0027787274671750659
1483 0.00037848254799655902
1568 0.0012422695263722462
1567 0.00068750886045681157
1547 0.00018508830170746335
1521 0.00027306943746612151
1511 3.0708619639151117e-05
1505 9.2425334608389807e-05
1496 0.000115780548670953
1543 7.2889130260804472e-06
1537 0.00021095186378230471
1536 4.009628399942971e-05
1535 1.9696478348060999e-06
1524 0.0014580966951805831
1550 0.0022925617197311638
1638 0.026586880772232691
1624 0.86059573576671211
1613 0.0057309827300702802
1608 0.0029556086595467906
1596 0.10915511042694633
1585 0.002473059522701685
1581 0.0056694421446245244
1675 0.0016961318908998296
1673 0.0027810592705682161
1656 0.06023818502116194
1647 0.0026516012347764881
1636 0.0020096786492311979
1631 0.027603254527409783
1628 0.061216554573301336
1601 0.061374819531232909
1600 0.015785114065125283
1574 0.00036546126204077339
1559 3.3053324668757167e-05
1531 0.00025713634530190869
1520 6.835071938022875e-08
1515 0.03597131408511775
1495 8.1579392797547946e-05
1569 0.00013258710284253842
1566 0.0001432805619517272
1564 1.2230181735021685e-05
1552 0.00044568171603536844
1542 0.00045418455321193476
1518 0.0032692095782888091
1516 0.053020002429399755
1489 0.0004400698431785551
599 5.7109489447227236e-07
592 1.6198839033712241e-06
589 6.9949914823904493e-06
593 5.7139543704469726e-06
590 9.8164509028816891e-05
579 1.6521731541124071e-05
566 1.5578535424422344e-05
551 0.00012316970894822205
532 5.1178742239779456e-05
529 5.7215488861809083e-06
523 1.7827941776174573e-05
567 4.0003568570395229e-05
561 2.4517234062009188e-05
586 0.0014831274420856317
559 0.00031761016319685806
544 8.0181612191488919e-05
570 9.6773616841611593e-05
636 6.8438987852388876e-05
635 3.7992014984217759e-06
633 3.1376728631577078e-06
632 6.9731797538393192e-06
629 0.00044591625081350926
620 0.00076290840211897708
613 8.038953340108367e-05
643 0.0037085899800273596
627 0.012171024480929321
659 0.012337568252111249
656 0.07654360272267248
652 0.051089827355577835
548 0.00021740793499071029
539 0.0018794017691291377
577 0.0088162330967647157
574 0.02699320812303669
573 0.00018266036945418747
553 0.0026636737982821223
543 0.0037751079400768143
536 0.0015117649642339766
646 2.4787975946756141e-06
610 1.3212441877641622e-06
672 2.6183348508282817e-05
712 1.2230400761010974e-05
815 4.1870651961339743e-05
738 1.9336467613010161e-05
735 4.1317704255191369e-06
716 3.6065833355062571e-05
578 3.1190840199141019e-05
568 0.00015219025655648942
563 3.2879328429660551e-05
562 7.4269234650529149e-06
552 5.273141378138331e-06
875 0.055990718122627577
862 0.003721693421194737
821 0.00060295176927343435
802 1.8713384743843019e-05
874 0.0027688895537086255
857 0.0010148462879025527
850 0.00022097313330731458
851 2.4914209459244842e-05
829 9.300111249422864e-05
945 0.0053948779304439313
908 1.5117481035337371e-05
891 0.00066511974633787295
870 0.00010223207167187721
856 7.568018908382774e-06
855 2.076777741265383e-05
564 0.00067016516181274345
550 0.00088266535968579149
554 0.67410456499610472
582 4.3317638138975478e-05
569 0.00017142327980888125
647 0.00074923674920998693
605 0.001863072853720477
628 0.00086225857665753159
603 0.0021244111303434536
602 0.0014557733710761514
594 0.0012772833950444825
651 7.2249971063537326e-05
650 0.00034708269492774363
625 0.00054810247275780856
637 5.4376985425751533e-05
618 0.0001777399711229962
615 3.5774685054219393e-05
604 3.6902029571914761e-08
601 7.5835250407474215e-06
608 4.5101430658958111e-06
576 0.0001396259579139925
558 0.00023745725737310205
575 5.3818617262983034e-06
654 0.00082221186742066936
653 0.00014405622960606562
640 6.458420537619289e-05
619 1.1795624237006004e-05
661 0.00029456646806985828
639 2.3828016347747679e-05
621 1.7364747131909405e-05
614 0.00036748399427957099
598 0.00044940550472979545
734 0.00014353737009749478
816 3.7967117252927037e-05
939 2.0811419070264519e-06
883 7.0360715214233768e-05
944 0.10677647327752472
929 0.039457243354566525
922 0.067860083349881015
893 0.024426524972281476
926 0.014545911943822216
966 4.5980644693496454e-05
935 0.0010133101873680864
988 1.4020579393764098e-05
976 0.00064627958207445063
965 0.0047171689386496726
960 0.0074633742127297982
631 8.6385188210723391e-06
864 5.571097665542341e-06
824 6.9628723631160669e-06
835 2.7076400661088308e-05
630 0.0010582101695227127
624 8.8481664850114058e-05
681 1.0519222766770729e-05
680 1.852660692440798e-05
669 0.00010051045958000103
634 8.9409888272291521e-05
662 4.0970295033700881e-06
649 4.6451920540002128e-05
673 0.0026998303847533532
667 0.0098542427056469446
663 3.7893540568735897e-05
745 7.3263768877942386e-05
724 6.1880590067350433e-05
718 4.9817436118809504e-05
687 5.3781717844266528e-06
676 0.0032103259441362427
644 0.0002803465624332257
717 0.0090125800340911458
713 0.003586531296806601
695 0.00048243353339964742
645 8.1051146811689684e-05
642 7.266812646727215e-05
685 0.00031292299746128006
677 0.00029036661835140113
675 0.00083861058069285832
674 2.2805702236345861e-05
655 0.012912016111548781
665 9.4175289513459076e-05
660 0.0004655776591015051
658 1.6670740673090319e-06
670 1.2062185665564994e-06
668 0.00010066958537351821
666 1.3741227370757314e-06
664 0.00016659597338865688
682 4.6094945129495191e-05
679 1.1145115443455657e-05
736 0.0015863518966956957
697 0.00014328009685325542
683 8.4551516706061276e-05
725 0.059883205867223711
723 0.00064993137372164843
711 2.5049691824658901e-05
702 2.2328177091859708e-05
698 1.7872745138568257e-05
688 3.1390439457708236e-05
678 8.5975280334892189e-07
690 6.8227594928366968e-06
848 2.4786456084289603e-08
840 5.1859747098520458e-08
794 1.7889606311980665e-06
761 1.9793499231666832e-06
881 0.0050705545243804407
732 4.3433946047857623e-05
731 0.021582342541040911
708 0.00036561184925750677
694 0.0023834914416349324
689 0.0032809892292434057
684 0.0022530672322919163
696 0.001879806182034974
705 0.03365647095671951
726 0.0070988043005479756
772 2.2479351369167265e-06
769 1.8926923660329406e-06
741 5.7614714190982986e-06
751 1.6726718887186733e-05
749 0.00011211353579879098
825 9.6525142572257929e-05
805 5.6625348109339186e-05
798 0.0099052206021661513
785 1.9412008515172986e-05
760 8.600558927160337e-05
758 0.6998355161344465
703 4.0288188939014134e-06
710 3.0103103737105455e-06
707 4.1799777384381965e-06
845 0.0017529886308016035
784 0.011345271208564132
779 0.00034202300630173041
768 0.00044236591415864951
756 0.00020752601843961057
752 7.1988376816650788e-05
740 7.8866557636718512e-05
739 0.00094328956308105036
755 2.0064057512913621e-05
750 0.07093970363593001
746 0.0020109055367332229
742 0.0022172400312461668
709 0.0010982885602228462
722 0.00060941039668278624
774 0.0037750722825779055
757 0.00061734524965083434
743 0.00034865519988661292
730 8.2607044837986155e-06
728 0.00010619270485966209
801 0.0070954228507618088
796 9.3294707050470301e-05
787 0.0010057441655236231
776 0.015275186754876555
764 0.00329336676068707
759 0.00030947600145216417
733 0.00080452738423272656
767 1.7328527535457454e-05
804 1.6917344083897677e-05
793 3.6836769044225581e-06
842 0.00023038550175842983
836 0.0026436855427267817
832 0.0022304815205996488
819 0.010055219073503317
766 0.00042066617932615249
820 0.05505763814520867
795 0.63887646589633384
780 0.072610481645863298
800 0.016278276601471946
868 0.0011962531352470386
834 0.0073023844175043179
830 0.00015304713612800488
844 6.9582020268279567e-05
778 1.8361368816562417e-05
777 1.2355382045585327e-05
846 0.00063811518815187426
900 0.00073555881593439956
886 0.00010993305085775539
869 0.00010865508582229371
863 0.0010651692274576633
771 0.1195107315087633
775 2.9512203536293608e-07
828 1.0057786930943277e-07
788 9.690815887154939e-07
876 4.723840163033799e-09
854 9.8545709774877484e-08
719 0.00019910679537358874
773 6.7238959151465035e-06
783 3.2149840436299486e-05
765 6.3698743325203594e-05
878 0.00078011890548740652
799 0.0023601194925038011
806 1.7158975951147409e-05
753 0.032566666421355923
790 0.00086846104166257287
789 0.00019312239418925773
888 0.00035706998116184552
887 1.1573360562294212e-33
879 0.00018456148086783738
823 0.00036994928671835192
923 2.548536620845786e-05
904 0.0001102017584222895
826 3.0394432200517996e-06
873 6.9490939680650041e-06
847 1.7208406019290097e-05
831 7.3525559691349116e-06
952 3.631795128956131e-06
949 3.0790346250254307e-06
948 9.9583933207101945e-06
947 4.7354440643110705e-06
940 1.2913993610171272e-05
918 1.4727055363430989e-05
915 9.5764391890436917e-06
913 4.9522912725936664e-06
906 1.1245161314108384e-05
894 0.00011255478354747385
884 3.4000271558040028e-06
872 9.2839743960746103e-06
871 3.8118448803359476e-07
866 2.8696895258221964e-05
865 7.9896552587993899e-06
911 2.4181699552385506e-05
905 8.3335265129825387e-07
814 3.8980513096478835e-07
807 2.6527052876523279e-06
822 2.7949813699135286e-05
803 1.3837617524404082e-06
909 0.00011667314511027782
867 0.0020158161600638074
859 0.0014341916741522438
843 0.0082671164706523016
991 4.9374736074414662e-05
937 0.00011031564653354387
921 4.7136091755010386e-05
889 2.6620298660263986e-05
817 3.0041740464766409e-05
813 1.6162598006275741e-06
963 1.1809169746388222e-06
916 3.6717403145194844e-07
903 6.2554904972675292e-07
895 1.1973330012547406e-06
885 1.730783389246341e-09
852 4.3725961256428404e-07
827 4.1394877894838323e-07
907 5.2961197423776706e-06
880 5.7828799950240742e-05
860 5.2035654492045237e-06
839 4.1552317730978488e-06
890 1.3475768217149938e-05
833 1.5027895487477121e-05
972 6.6674143724725393e-06
967 0.00098845014736163189
924 0.0019273661859515918
902 0.00010609361493289547
901 1.8438776220762337e-05
838 1.3716818699421976e-05
898 1.8138248278942471e-05
897 4.7987829893312404e-06
892 3.7878923181232488e-05
841 0.00014481029732907921
942 5.3904338829607505e-06
938 2.885561332202294e-05
931 1.1397153776591447e-05
917 2.9589001541896791e-06
853 1.3058440127186748e-07
946 7.1177259164995047e-06
962 4.789006930305356e-07
1013 4.6437665340028597e-07
1005 5.2050262564985599e-07
974 2.7480415143287498e-06
968 2.5529780564298255e-07
910 1.2929285860819233e-10
932 9.291235311700472e-05
899 0.00083061304833235538
959 0.00012028681512864398
977 1.548197938120115e-06
930 4.9559955892146954e-06
920 1.4128076011756491e-05
941 7.7621102430387642e-06
934 7.0042367820219399e-07
928 1.7224179560379816e-05
927 4.7736865520226065e-06
980 5.3650734736624241e-06
925 0.00050405092253214131
1022 0.0050222941147759883
1010 3.672770221680287e-06
1012 7.6507093821728301e-06
1018 3.4713445157001785e-06
1043 0.0068365161827104223
943 9.1094694573569266e-07
1480 8.6167241425650119e-05
1498 0.00019222017428045517
1995 0.0009524531612959715
1993 0.0001471716899150821
1980 0.00089225845460628875
1978 0.00089997393216709849
1977 0.00031374399575355774
1975 0.00090219331508040418
1971 0.00085120579579699303
1954 0.00034978156987193969
1951 0.0011301066624152265
1946 0.0013653047921163603
1942 0.00065560172838643831
1941 0.0015789992831672652
1933 0.0012833083099123219
1928 0.00078182630616443756
1926 0.0011233547359148803
1922 0.00045359137887666316
1921 0.00028558174390695435
1914 0.0010362153295051821
1912 0.0002802892477495543
1911 0.00079880097724231898
1897 0.0010129876125696583
1890 0.0016013810584738035
1886 0.0013572140568315024
1884 0.0015658783088304559
1882 0.0011042384948314484
1879 0.0016556499067993905
1876 0.0017657202338364707
1871 0.0015941454097368696
1870 0.00060616191955058902
1868 0.0011940705988222207
1862 0.0017980901160486189
1860 0.00051569361908072474
1859 0.001242588830493604
1857 0.0011592042179939786
1848 0.0015569593901215025
1843 0.0062483583659824603
1814 0.0092842135862517636
1812 0.0016172475289756055
1791 0.00092881276489079078
1789 0.0017475417674996001
1787 9.9681225949849444e-05
1781 0.0015897110818007809
1776 0.00046962872329546571
1761 0.0020456956560279036
1749 0.0020693016066487897
1748 0.003591247170385131
1731 0.0095237433422988692
1728 0.037108201630286518
1726 0.00088862991166635574
1718 0.0020408171891709149
1714 0.023785227446576993
1710 0.0012602558792396265
1708 0.00090028006107153297
1704 0.005355327570702605
1690 0.0055645037247020598
1685 0.020702981681845978
1684 0.019268758273491605
1681 0.65261520951670016
1679 0.063279347512967168
1667 0.61633707589937869
1660 0.0095243314881284201
1654 0.040568003765058591
1653 0.069022286285644815
1650 0.0089769763487908306
1646 0.019687827755264588
1643 0.0011718692799501103
1633 0.00097099329128599334
1623 0.0030663431956300547
1619 0.001844192045382886
1616 0.0013980913563396476
1615 0.00065471023396546394
1614 0.0010405226590284027
1605 0.00040927611906430001
1604 0.0013967136639630505
1599 0.0012000381685434987
1592 0.00095914077360301513
1575 0.00061762262311001537
1562 0.0017351678589513939
1557 0.00072826937745488715
1602 0.00030562667769440025
1587 0.00013499864070957518
1576 0.00044626314353727757
1532 6.0026590571215931e-05
1551 0.6056489131995203
1541 0.073630697743685872
1534 0.007296808997240228
1579 0.025075739245554736
1554 0.0061244316055556799
1556 5.6545105114041896e-05
1593 0.00079680102719886835
1591 0.00072071440051509734
1580 5.9689146732656716e-05
1529 0.00079407711747161503
1572 2.0633986911062012e-05
1594 5.5763276316004882e-05
1582 9.4091597287382725e-05
1573 3.3619592832408467e-05
1563 0.00017729863693875458
1560 0.00064296939158272573
1637 0.00098170917220638965
1618 0.00011142430089843557
1607 0.0006437499070546034
1590 0.00013524863155667786
1655 0.0012404843449691451
1652 2.2729983947897967e-05
1707 0.0037208482615262374
1706 0.00010112791356809073
1703 0.0013220277842455144
1702 0.026358410689141305
1694 2.0246971358346333e-05
1683 0.0064263540645157985
1804 2.0889859570659929e-05
1784 0.00043249119674572926
1774 0.0018927378349541701
1744 4.1020353630554036e-05
1736 0.002453478876405206
1927 4.1981845341707506e-05
1916 7.2289096398489382e-05
1907 6.7691215475925026e-05
1900 2.2989883536401993e-05
1893 4.1024131405261386e-05
1887 0.00013201555001574183
1883 0.00039094229521865293
1874 0.00011024473110590014
1865 1.9357185120263673e-05
1851 3.1307795408737787e-05
1849 1.8379760175493494e-05
1842 1.2185514308359604e-05
1830 2.0345435433832805e-05
1809 0.00040805970115920595
1909 9.7086337532942275e-06
1908 1.0641620211419735e-05
1901 1.6863185967797129e-05
1894 1.3570696823100021e-05
1903 1.4776081941488685e-05
1583 0.00078673818291437748
1578 0.00053277807979962722
1558 0.068142026201608571
1586 0.026225577820318275
1622 0.00032600149633845186
1640 0.003423926008943862
1612 0.00022033350029834766
1611 0.00040749297823239843
1649 0.0052738406864137125
1644 0.0022483856689723232
1629 0.0014038656282377351
1678 0.089093847358115139
1672 0.022445888561204209
1666 0.14998985209513782
1709 0.014911437654306964
1701 0.14313732053571973
1674 0.10593317884635593
1665 0.017057117813157042
1788 0.0043970735593599564
1782 0.86056536323315413
1779 0.77135933634017695
1777 0.0039806997844647101
1759 0.11395388423943108
1753 0.045996740322192968
1732 0.015156940816839876
1721 0.019131049337206149
1720 0.059995899847359931
1717 0.68307386348622356
1756 0.0095269940941855868
1752 0.030825526277607877
1727 0.58233245340255668
1698 0.062121442568899128
1827 0.0011906126581369715
1795 0.0085843099185943413
1775 0.0011598445164658934
1768 0.020631666359316462
1786 0.00077455386697275399
1797 0.0047273902466056592
1793 0.0038509945660360461
1899 0.00015754913869726983
1878 0.0018155579477302354
1877 0.00046693046871277162
1864 0.00018384339740111236
1826 0.090703594422827563
1819 0.033644554550998462
1815 0.0013134494753763827
1831 0.028367651470952583
1820 0.0037464891073441327
1867 1.4556036725590387e-05
1853 0.00049712168641568904
1875 0.0004381646621377383
1844 0.0005410629307414863
1834 0.0011116170461994204
1888 0.00026113095957911738
1881 3.1547349897124439e-05
1885 0.00036818621993254261
1852 0.0011953493685420385
1836 0.0010192571256087879
1823 0.0022927377680542183
1992 0.00020677867578104957
1976 0.0002678216547772049
1966 0.00012177505507728605
1962 0.0001004836666712062
1949 9.3243382218251991e-05
1923 7.5525728939268097e-05
1947 0.00030891165145552097
1952 0.0001008326535727373
1932 0.00021639772053161832
1990 0.00025481237837321561
1693 0.00015404098113022528
1686 0.00044621350578279075
1682 0.011926051219924126
1664 0.00087434631024633233
1663 0.00026549896862968392
1610 2.5388209915706117e-11
1609 0.0013252880811461228
1603 0.0011884547356735087
1598 0.0004351975848333429
1584 0.012995331221626502
1621 0.00048266258925166609
1589 0.00069272583116354591
1588 1.5953544578623198e-05
1671 0.00045042075250635415
1740 0.01141739886494241
1723 0.001397546270149287
1722 0.10301965409334769
1715 0.029900114380558174
1700 0.043125705976481604
1696 0.013069953233466323
1688 0.0010918000030507335
1620 0.87128486761406054
1713 1.749024257722206e-06
1699 0.0030041066020216434
1691 0.00068930404209738879
1680 0.0024919311927769469
1661 0.0098256905798060658
1634 0.00066167218887063525
1635 0.0819777659905922
1625 0.8330534852724385
1630 0.0094330094127677688
1627 0.00040942148602038039
1657 0.74577994295451278
1670 0.009663241957140049
1658 0.014977900501129505
1648 0.0014536781757365483
1626 0.00022340896180235448
1659 0.013025582301463777
1645 0.091033736121143155
1642 0.015482044635765701
1641 0.002041264407597468
1669 0.0035443322208556748
1668 0.0065281217529323619
1689 0.037303282573738557
1677 0.054396416287711913
1711 0.0075036055394220175
1735 0.0095001173438923059
1734 0.0029950404930627265
1716 0.66832075454788598
1697 0.5861425537029501
1705 0.15258033276714153
1695 0.68105970071862898
1730 0.095771068334247131
1724 0.15542874337998105
1719 0.12173272891840432
1729 0.015467942308291316
1725 0.0030183638900444952
1712 0.054621150636440491
1772 0.070157774223431502
1769 0.016116516403414854
1763 0.10486840826039293
1760 0.0095553605847726302
1757 0.016403986466582563
1754 0.004876424493949906
1747 0.6629245044909392
1745 0.13216306244841117
1742 0.0072330967020830007
1741 0.0013575931101764247
1792 0.032964681434950814
1783 0.0032641831254326776
1824 0.049252117169182333
1773 0.0035369624388930463
1762 0.011473222379759262
1751 0.010737062351534224
1746 0.0037070855233370041
1733 0.12618587729321615
1770 0.10503007733662877
1755 0.0046559991671760378
1738 0.0093435576203983531
1737 0.00030337097357938624
1790 0.026280488359174386
1758 0.05523499074687744
1743 0.6028131631561704
1767 0.009719648089310317
1766 0.0027818489941311008
1750 0.78084396763886288
1800 0.17947035526886382
1854 0.0075442754336319667
1846 0.0072574819198201069
1840 0.0096739353621731351
1839 0.0062998419459100929
1832 0.072803135436480163
1810 0.0068288283775977364
1799 0.0082850478486111885
1794 0.0066911549754967003
1785 0.0015715036455815183
1780 0.046033541748022308
1802 0.030248731338784404
1801 0.0090093395377953255
1811 6.4892540470762425e-05
1806 0.003101391557926702
1805 0.0041756900151444249
1828 0.0044468455951747988
1822 0.054498288920327417
1817 0.0053563260304053707
1803 0.77357161115677298
1845 0.00026044403542693973
1835 0.00018188276830439579
1829 0.0069740123881586952
1818 0.0032390877918128912
1816 0.00032332970730492792
1813 0.0012181625621827195
1838 0.001561947860502246
1837 0.0007581211421522064
1856 0.0002651016554178951
1869 0.00047003800779532194
1825 0.71074159515697288
1821 0.00022558341763116482
1930 9.8104443295327415e-05
1917 0.0001697532431583065
1915 0.00028039217560486514
1906 0.00018988018731328404
1904 0.00019966799759232109
1872 0.00027850444887164493
1861 0.00035817861473994142
1850 0.00021082457756755956
1974 1.4362705065387055e-05
1970 4.3770461386640713e-06
1969 7.9815765459800424e-06
1967 2.3154687459468802e-05
1965 4.5470025704430741e-06
1964 7.5337304066375176e-06
1963 7.624709239663227e-06
1961 3.7247500019319722e-06
1945 1.5936367967315471e-06
1937 5.1909380224083417e-06
1934 6.1617103540096984e-06
1929 5.7213920488019368e-06
1925 3.2655031758706945e-06
1913 3.6390180094091345e-06
1931 1.9888639842797635e-05
1833 0.0080284724633513556
1895 4.3026018077760558e-07
1891 2.112057249941781e-07
1880 2.2294170740063447e-07
1919 1.7896036883291769e-07
1896 9.7768051913923462e-08
1918 1.1164206121624836e-06
1905 1.7144843334152302e-06
1902 1.5052965438561172e-06
1892 3.787366938336919e-07
1953 3.8436273157945843e-05
1958 4.0867766375110095e-05
1950 4.0506176020014151e-05
1997 3.5630386754122593e-05
1988 5.9389980045829401e-06
1973 1.4421130872547371e-05
1959 8.6123951207774983e-06
1948 3.3408729491410681e-05
1938 1.080221278051569e-05
1898 1.8981718458380893e-07
1910 2.8967205255127917e-07
1940 2.6052918080139424e-07
1939 3.1760045816113542e-07
1936 8.0651623937948004e-07
1924 2.7579329852278869e-07
1920 7.5326187760405246e-08
1983 1.8953392304882798e-07
1960 8.640767452346215e-08
1957 5.923354495237676e-08
1956 1.1634836403828463e-06
1989 2.9486858902640808e-06
1982 2.5962304938772417e-06
1979 8.6469491281197921e-06
1968 1.0327165184090217e-05
1991 2.1353699400317715e-06
1972 4.3278362046859213e-06
1955 5.2190272098634309e-06
1944 1.2310896412094037e-07
1943 2.9239338581899942e-08
1935 3.8322806430666403e-07
1985 7.9148566535024045e-07
1984 2.9249110768552572e-07
1994 7.1486163369196925e-07
1981 6.5047853041179646e-06
1996 2.59750422254353e-06
1987 1.6761001185343248e-06
1986 2.1336242027263334e-06
