76 1.1007871073642814
1 0.74874084002625985
2 0.77585349478618038
3 1.2089985432977373
380 0.87087592175512174
256 1.1023478308363919
135 0.80183192843751305
10 2.091371031798622
158 0.79453096904844822
67 0.87287603285466686
40 0.80271026815770052
5 0.92632339180391698
4 0.80597440518295971
6 0.80143656373359451
736 0.0042841243004173944
703 0.89708013987226332
699 0.0028846718115651715
650 0.31464089921742072
636 0.24494538184252923
622 0.16267656676994599
604 0.72412897482887206
568 0.70452650003925077
566 0.86968979124634316
562 0.67370499034982811
558 0.74360933622722525
556 0.69343576591691503
555 0.90547816677369031
547 0.72862039058066752
500 0.75953415062418539
495 0.79491912361091677
469 0.26634701429985386
467 0.72328391728444419
450 0.92581441988621449
428 0.026554750725267463
427 0.78034010091874517
423 0.72220175052173874
369 0.80694181307459034
367 1.0000333651461992
358 0.83615040823271847
328 0.85004687383307775
300 0.79942220765813576
299 0.88368876735563429
257 0.90609381575798476
254 0.7602819491012679
253 0.671878446531184
205 1.0120088143799479
193 0.40161061647614882
189 0.78379946451422855
118 0.91519540018113199
104 0.68105744562392323
54 0.71122912907895541
11 0.98297242928498274
9 0.95755220420998421
7 0.84383665924970797
41 0.37420370230398764
42 0.9828062199893024
8 0.91415238912191132
63 0.87693920223552102
77 0.83276932135391424
12 1.1671309060446835
226 0.87135680006741001
150 0.81110526647534209
139 0.83595475340683378
125 0.88587883602943074
255 0.86384270337141766
251 0.37755070912581246
239 1.2738911793303802
384 0.857201281034355
354 0.82410463446035964
281 0.75273945210525872
424 0.92209476930584522
422 0.070172427973045931
386 0.061626991112326113
381 0.15218427606649026
370 0.14453622384626469
356 0.08352736250090817
351 0.73642972074103585
345 0.85222099016674102
321 0.085416177560078702
457 0.034829930606380975
683 1.244180556262007
649 1.0506820406077986
599 0.48136575789314162
588 0.71200452180481821
501 0.19694776732533129
493 0.20191680197959699
473 0.12073219386153529
711 0.12999470921275522
707 0.15607805816193751
694 0.033999293242898507
676 0.021004636251730061
666 0.57980655079933918
662 0.22950089354641851
571 0.44062082821016729
548 0.092935481165553877
595 0.22325898838294009
594 0.56862180910063531
582 0.79473690200753722
685 0.64444275934936335
681 0.19877590080442675
639 0.76643325353968805
629 0.074042011983274633
613 0.1265556733936494
688 0.70736419054880229
663 0.74751048778500584
647 0.11771597267073386
712 0.30904099538658691
772 0.044805397922379621
748 0.051201985704630026
723 0.00036939586027479407
721 0.090498841549945072
804 0.62342483008306548
777 0.10938280263556381
776 0.1517979902776288
768 0.70658445733802555
767 0.22454025890945326
765 0.0045779206214056484
725 0.31829771562685283
779 0.046459282359200244
140 1.0020341618398763
126 0.38548702641969784
120 0.5408968554985677
94 0.80502616727725762
37 1.0176045949791677
13 0.77514064235691893
14 0.86165519465869422
85 0.11781118704441634
84 0.70548117029345958
52 0.72280891037201067
15 0.88414328447480905
164 0.76363875886570454
138 0.74170706273741982
123 0.64983424273787571
209 0.48986252277276754
196 0.68156611364994302
182 0.020777641954851232
181 0.75005310946410353
176 0.6975350909754896
16 0.68835950709861304
78 0.24073591893112894
64 0.32557513236479357
17 0.0041401612711949604
62 0.5545831458488949
19 0.47898560236831222
18 0.64874891216525676
83 0.18687526476027219
79 0.22655671733683969
55 0.73112272000616174
20 0.78446154383994304
75 0.86764555397984799
69 0.35613620244973687
68 0.75890637615137291
61 0.18303136827918107
53 0.3797714919690981
21 0.30293648619324054
72 0.30263271744782627
71 0.52578333762663676
43 0.78612249285526525
22 0.81202260462219755
93 0.15897196510298092
87 0.69310313490059317
101 0.0094172942246606838
97 0.62795171940681438
92 0.39146770785228957
23 0.78122213582026778
73 0.2971837141026526
106 0.012370942613328129
80 0.042381327913649541
26 0.12846450288843955
24 0.81050156085238945
25 0.090392181563138857
38 0.020782166619261234
27 0.014532446577275537
128 0.78943960009322234
119 0.82527781317380167
115 0.67523987607917957
114 0.69672875142381219
111 0.84853494659973494
109 0.075258539440904021
108 0.088693260699107018
100 0.042390398611583162
98 0.053317745955468482
89 0.022419571123029402
88 0.083452525182423937
82 0.0098174048227057976
44 0.0063896414187663087
28 0.0038697664994269626
45 0.013572022598721329
29 0.0068093401607719961
70 0.022837761270801844
39 0.0085534988682767037
30 0.0053553056262552251
65 0.059728561624515002
31 0.014822641888620886
81 0.15548505832309503
74 0.061594543779056168
56 0.050185464146991411
60 0.1304611142230134
32 0.18950824169378042
48 1.2304929476306359
46 0.8086528314090361
33 0.77172388925170021
90 0.47348336844915551
47 0.79335496679491879
34 0.70407641489144923
57 0.65106292852520375
375 0.0010541762297548382
343 0.14205166628284097
325 0.61029021098374758
320 0.63092046943444535
315 0.25466082236746179
314 0.61755724730819594
302 0.67766030389272602
298 0.64721798357951943
297 0.13131125923509857
283 0.67464817926160903
280 0.8331135971452327
273 0.27567354194322136
265 0.25860806919809137
245 0.32715485918622778
242 0.66164649933024078
241 0.74104034654604478
237 0.10185261263645934
236 0.71365762609422134
223 0.092738860952491481
204 0.35240075085265021
180 0.22553182002230296
172 0.15823099228096521
169 0.16299151048698279
161 0.0025691076938373801
157 0.0019926649717254786
130 0.75411865907653808
117 0.29245126779740438
103 0.22632501075818603
99 0.62329763143692729
96 0.67872331578434097
66 0.34348831293752369
58 0.36278952931113967
50 0.29994507301930068
49 0.57441360650026685
35 0.16169594789922392
51 0.097040001739512632
36 0.23748712807583591
935 0.93990665894371905
1900 0.02847640883236479
530 0.1867809451615802
1787 0.029597508155808458
1744 0.12591956370210325
1740 0.52457739534106385
212 0.24002509194581886
259 0.16175425869128662
217 0.56932412198231497
216 0.09901670028772544
137 0.13867310793514681
59 0.04259016303981563
646 0.84124724270772244
624 0.58070987139101238
549 0.15411419497418433
518 0.14656026808027525
487 0.048826820893132686
479 0.3726721066549657
476 0.037808276188241272
462 0.064551155656660641
449 0.05730416422070108
418 0.063328981211722868
383 0.068383562570468057
329 0.14903801306948652
324 1.1052299954640348
869 0.12837462817125309
829 0.069045105652132108
627 0.095483778905794348
1311 0.024958154506684409
1290 0.097020719866205071
1279 0.047288821310305471
1266 0.14731231261889596
1247 0.031177837560877147
1209 0.58376858912507912
1195 0.094876804655001104
1173 0.2132832700996162
1158 0.1701201248697945
1132 0.014496524203937836
1119 0.29742925656744085
1111 0.58531867869784759
1097 0.51201860079757955
1087 0.085892146713361373
1042 0.65326429383919205
1037 0.26941523128507816
1036 0.64342646469916209
1010 0.058466828993465232
1727 0.54426914827429607
1726 0.1789968526643495
1668 0.61995955095241484
1644 0.0079559851042002409
1611 0.089677620585222717
1572 0.12470715718194782
1571 0.70891002545051052
1559 0.54554998916277242
1547 0.45932294056358258
1535 0.21154857993956377
1528 0.24590608369651942
1520 0.065095532577017792
1495 0.6888134160720879
1457 0.18364947923572558
1443 0.14142397214716176
1420 0.75676174820332243
1387 0.63550280372631862
1371 0.20235535003691879
1369 0.14416543957576278
1368 0.12969397824987097
1352 0.09724655214544814
1344 0.10479160684549364
1343 0.082850316981756073
1337 0.23844758404566521
1336 0.55594120218973087
1793 0.04884663179423681
1892 0.20773184008370679
1838 0.17411840327174483
1912 0.63483025459230791
105 0.66326123846132146
121 0.10122481978576657
110 0.07171050513194345
95 0.023920342540219724
91 0.027152541843978428
86 0.21833920010795732
171 0.61991015294916085
258 0.21553846204432339
149 0.045238476549351557
143 0.047562086327699517
160 0.0088516541180918458
148 0.033297214746133043
144 0.24339969031829928
167 0.73781184818725543
233 0.087054719274111653
208 0.22042496466994135
199 0.58693798238616834
191 0.1848670362511893
187 0.34379776125961975
252 0.027928737378997651
238 0.16736889479670444
227 0.036397789669244347
222 0.07542360519270512
272 0.12361584538021698
264 0.2232315029083636
263 0.62173895605193885
261 0.62202749644455058
250 0.20235177817152597
246 0.34809061319546492
243 0.6700598124973135
388 0.085450434329799235
350 0.62309704292814805
338 0.20313232445411669
366 0.74929904527684599
353 0.40646595805202262
331 0.76299048973048356
310 0.27843654235072568
277 0.58728893473222321
116 0.048126947419372762
122 0.092639690182077863
141 0.077064190210702682
136 0.58378918197739926
134 0.37998461508826009
133 0.83666284824899084
132 0.053237796845944894
112 0.1863314465300521
113 0.0001430711349415532
107 0.010367588519203922
102 0.0086281024725264957
127 0.14268634658074972
124 0.68957687530922296
153 0.26065943263670888
147 0.80634037675313097
142 0.075672536741630964
129 0.082964514241042356
131 0.71082932741794591
156 0.53676541770797725
151 0.069846018877024171
166 0.16111930950380568
159 0.20559605352786978
155 0.65030652390643795
154 0.04028468713096469
152 0.037205747649893962
165 0.76933168867883817
168 0.095960328545050752
162 0.30504490585271837
146 0.17716870734603402
145 0.67959108892927933
240 0.70388534070845576
175 0.76748945423107973
174 0.72186516580968929
173 0.72420406116909319
170 0.051823281920418275
194 0.060746987037555968
185 0.15854863457273219
178 0.039814310430420649
163 0.11315541799233411
186 0.64418565300681874
200 0.60292890701615842
179 0.18299993206968829
184 0.11986446565057816
177 0.53702195368598893
197 0.036036688852841614
190 0.094659373316973397
183 0.6973999970417879
228 0.81181276797645707
224 0.60895952232735862
202 0.2897922662878446
201 0.17978144330056908
230 0.2877448546297886
220 0.29514808511038237
219 0.62970878093550331
211 0.56843544452669137
207 0.24719360992048539
203 0.12483873536446943
198 0.085849122991710575
188 0.033225143509110822
195 0.27717709719141581
192 0.13816127585441645
215 0.011257046687682605
210 0.0070822436457576706
206 0.053579500102348986
214 0.29257776972937344
213 0.010396346282584666
232 0.30109212269692404
225 0.62368046326145499
221 0.058343560940907674
229 0.024285600584976041
218 0.26214370369758633
248 0.61463080977305762
244 0.65196187068189582
231 0.68088777434530012
235 0.67429315779626364
234 0.40599526736637426
376 0.74373901352390204
336 0.85235003829482014
318 0.30720964428584807
317 0.77736787793995987
301 0.78277793628193748
294 0.29744792426718492
293 0.30864892776904584
286 0.64261207854285596
260 0.71633851586715724
913 0.083965191809632272
903 0.01639515939144549
898 0.0026402119570060785
882 0.012091490741260572
876 0.056387496058911503
866 0.062437672237415857
851 0.072148763081437181
810 0.15365842226301507
792 0.013682187062915905
791 0.49034165262693846
790 0.020169094155004452
785 0.011962096262405564
784 0.30694681008139274
781 0.19231409231787072
775 0.039955765864446893
771 0.012226684263037826
766 0.084307368583978332
759 0.10833726055569923
747 0.17781453787007684
746 0.14593708796785948
735 0.42723137588398408
722 0.025823789232002008
695 0.22829243903689983
687 0.52698789940806445
673 0.65039292955758887
672 0.56481408777280029
659 0.63248528481237365
645 0.32862720265184969
632 0.60352212962960083
626 0.19638778178995553
621 0.1118610015948653
609 0.20412685576027909
607 0.5791803300817665
605 0.99922445893764056
600 0.59233980424839128
570 0.17872811393789645
559 0.63692619326497035
517 0.73538907409567222
416 0.86777661136710771
413 0.57422130061908061
391 0.11414142134066223
387 0.56961134702941074
364 0.35359488913438786
352 0.57883657926198828
1015 0.58176884597494249
1008 0.27364489710283302
929 0.60373811855017523
925 0.32585655721243234
871 0.59607347390420795
853 0.028889392741936505
850 0.167292828124984
820 0.42192490493197587
247 0.40117783847894467
249 0.61844325680628709
271 0.63856971514599925
269 0.26584035998292532
268 0.74777638257217305
289 0.77945026283227026
275 0.68061828093434573
266 0.70521656462959947
270 0.81405152475824805
274 0.71455959391160384
262 0.041810054598217711
285 0.33812181273476088
284 0.027054757883103769
267 0.4790615417009228
288 0.022386169597760474
287 0.38022785928803571
276 0.015354890723961855
305 0.53091733495436855
279 0.026770811673045333
278 0.76389608509048224
295 0.71899750438549359
307 0.86490305142200619
306 0.22737211925629397
290 0.826593800775138
282 0.59532441898124322
292 0.3957188714382126
316 0.45954394518718394
312 0.17325265482190008
311 0.64591800752194328
303 0.057985520760905358
296 0.54119483972096472
309 0.4783973272685606
304 0.22069129660708312
412 0.028205089058674339
407 0.047393086736596875
348 0.58612180124942792
323 0.050296237990446697
322 0.25019926669473758
313 0.26373862303193069
291 0.3378758906017707
326 0.81307599702250255
319 0.95608889605221659
308 0.63138361975850033
337 0.044441331750706095
330 0.10574720590161896
327 0.13320452407650935
346 0.10249364767615726
344 0.06238393340382159
342 0.057691947804449854
341 0.22400026831786068
340 0.50368793193883399
335 0.078826212908695459
334 0.18293270387470287
333 0.17513923166333803
347 0.03192790657046865
404 0.19352284069188039
401 0.14130704022388962
396 0.3130351109607723
390 0.12208978097800302
385 0.62778856964656349
368 0.049781147120910391
406 0.25279129873651907
389 0.57758355729212885
377 0.030301568175089819
410 0.052083437176958132
405 0.033693684666735495
465 0.0093527258035015944
460 0.030377262827077162
437 0.12998157959573736
431 0.029471283238349081
374 0.31770530759260918
373 0.28511737239656731
349 0.045387073743110545
357 0.026010456503221729
429 0.011394994531615169
426 0.018217761406734725
425 0.039439062666723826
419 0.010512242918086648
408 0.016484818082562278
378 0.091986480354611919
362 0.030518334652039431
359 0.045946663703546081
355 0.042464615006883907
332 0.74296345275005882
339 0.13767651843105289
409 0.13857080606666078
402 0.54810570550609361
382 0.18961981503816419
510 0.18163580874799512
499 0.1924704568026708
461 0.12238514791983562
451 0.1424706758983556
440 0.46032420222195414
435 0.63615719101264945
421 0.64635878046560413
415 0.11820931374544179
417 0.25369599688395539
414 0.9952260679525855
438 0.20637105345388884
436 0.090623224297245675
361 0.056644784165023207
379 0.02403821102383542
371 0.024166173208036316
360 0.019986464131395949
372 0.0013603895571657602
365 0.0077455042419613566
363 0.0192501514475154
433 0.0034975950802208326
432 0.008088464610744129
420 0.0039059851843271172
434 0.017276303429133087
537 0.0084283455177247852
534 0.0043794003889568072
532 0.0031929433127412202
512 0.015284097244650373
507 0.0015703706238255667
488 0.0032287582550379942
486 0.0013804197537228245
470 0.004591989727872752
464 0.0018772237351181212
463 0.035115206774184643
454 0.0016290246860839455
397 0.29227237301923947
394 0.14289902633877216
411 0.15152689211560252
508 0.68901565377954843
483 0.69957290724632593
481 0.3707358153155737
442 0.20610467101297775
441 0.5843408176747813
439 0.17669181651802315
539 0.70467754019181195
590 0.060772083104692468
586 0.093241238419849923
550 0.047119684831238094
525 0.082346883117991668
638 0.089016515237204177
633 0.002921510275602575
603 0.0036059298372398936
587 0.043414200287827831
620 0.038150203059317447
612 0.024268173864559085
644 0.10136168147084849
710 0.15573346146331787
757 0.082581751827003946
745 0.011062881157676138
762 0.06457618116967527
750 0.19286115438541579
835 0.10268345075843863
800 0.10324860337478468
793 0.019695466793540298
786 0.01537387939142325
787 0.027047345404961263
877 0.023292917495483605
860 0.0098747535339753154
859 0.012556253945121098
852 0.013381035962732745
841 0.0193447926196295
833 0.017086191531468391
803 0.066257925662948622
799 0.0043358237180883543
857 0.023385437503199071
823 0.14930986429608092
819 0.0019691680100319413
928 0.0073236648491723224
905 0.016090526342570834
899 0.005009811897141097
867 0.027006747965713174
1089 0.15773031187790137
1081 0.85552072322538253
1031 0.038757348281655807
1029 0.58218544608328382
980 0.10496464373630225
973 0.044652304580088106
969 0.018670831895400277
945 0.036426661761337541
927 0.019854990320716189
917 0.027996185860200532
886 0.028008136298468607
865 0.049839834093988004
403 0.035241182929352362
395 0.013986253955887621
472 0.0036980346294597042
468 0.0039576373042912857
452 0.0054281181478279678
400 0.0035853728312625816
398 0.0065062774500979203
392 0.014879824435460426
393 0.0037634167856502271
399 0.011842386023669743
447 0.005465328310348923
443 0.03385088176497969
430 0.019193588441602797
446 0.0014530019246484095
445 0.0010312323417483505
471 0.00082554290522520531
519 0.0024025923494119671
496 0.0011628375203007928
475 0.0043212841832054811
458 0.0052919602385482576
453 0.10969468855847415
444 0.046896636978858465
515 0.041238444890460212
504 0.11432145706656216
485 0.016115557307682174
484 0.20865561924700399
466 0.15008666134879792
455 0.037071859914680795
541 0.039753665580655066
522 0.48600539075519039
497 0.087577823290694481
478 0.10932900671151033
459 0.0061923379384614882
1044 0.052371330532961495
1166 0.12322090770197641
1159 0.13007295350780995
1201 0.25762339333180745
1189 0.12491050000781896
1301 0.037641193645019493
1293 0.030733745576179309
1270 0.081393253014129432
1269 0.23666939005186458
1262 0.057066554121547791
1257 0.041619727735690205
1252 0.023792741395396968
1248 0.65764039595325186
1215 0.017085706232790394
1188 0.022761761457144595
1184 0.039466416570203333
1153 0.04488585287102128
1130 0.1031901462205895
1113 0.035408782712237637
1196 0.55407834360901975
1236 0.044121129632363053
1298 0.096934707285720401
1533 0.14275904640073245
1526 0.025933612602569728
1519 0.031829878681758468
1510 0.13629074447797895
1493 0.033660859975588368
1454 0.11525431997646968
1406 0.57765782649207298
1320 0.66121995258364918
1534 0.022775049965138891
1575 0.056300232839854317
1554 0.13721574527786615
1634 0.35907178865476291
1631 0.71867161587574202
1614 0.7140298171979359
1643 0.19214393047873241
1738 0.014449207697664142
1724 0.0015940247380373117
1719 0.0037957405595570549
1700 0.0043624763700885784
1694 0.0027630131273268955
1691 0.0043688573728135772
1686 0.0036910943855840614
1663 0.0028791710112461518
1784 0.17928809136628451
1761 0.0029474672134205478
1038 0.0097999201248693702
970 0.0064797390494011507
1027 0.051618957540697973
1009 0.012330106057590412
986 0.028587764244665328
965 0.010581695566830923
960 0.0062169988652792142
957 0.0058143744612115904
938 0.010774878533644767
1090 0.014807952864026731
1078 0.0066788183415820756
1067 0.0074676702538000852
1012 0.011255120758242745
952 0.0053751050039674581
1001 0.0069358204362406544
984 0.033140929446938076
958 0.96572703494924095
955 0.035658794704237363
940 0.032876765032235786
996 0.6753078795035361
1004 0.15791848431837852
961 0.63147246077100483
942 0.016506840417020309
1073 0.03228575862741228
1007 0.019875419290051523
1023 0.0094384617561636668
998 0.13294121595179281
950 0.28623862352719981
943 0.02831675033675313
1030 0.015717943874155496
1110 0.005619085604271495
1086 0.009714663886933643
1061 0.0058138423222125401
1051 0.0027503516629931372
1039 0.0011448856607426793
1025 0.0011556684014517461
1006 0.0026730275055133488
1005 0.0054537574018720851
974 0.010104585616259938
1047 0.0080386947673571647
1071 0.0085905283776372549
1164 0.043043576554230044
1157 0.030438390759205555
1125 0.021841006928326162
1131 0.0084010239481183777
1014 0.011361568694240433
997 0.0039956597315808215
993 0.00095472831017439253
989 0.0034402162597735675
962 0.0012722316139229918
946 0.0080770056111590521
1066 0.0044205701484253575
1064 0.010456714293356748
1043 0.034424260842237785
983 0.039606734159151245
1026 0.03580128803482948
1003 0.026212298643699651
956 0.10047266580292397
947 0.025466042812216767
1121 0.015927725674232434
1116 0.028025319946368619
1098 0.027618225176081822
1082 0.028720053120492556
1070 0.020090854864593343
1053 0.0056079475760473143
1011 0.0028153535282355235
964 0.034747964969460574
981 0.0056156714156120101
1002 0.0024707910216632168
951 0.010458801086191754
949 0.0088678539560858426
1018 0.034212830436158456
978 0.64811797146875216
990 0.046210996430329956
975 0.18551911885962
994 0.05206437463658032
987 0.02129944180484274
959 0.028880449529234742
953 0.0037250323014704871
1033 0.00083923537941680898
1016 0.12524242039936431
1013 0.0072976314035237402
977 0.015137204581414
1021 0.016893091639022608
995 0.0076525220629082187
999 0.0019066463719902705
985 0.87099154371505316
968 0.0069154731178229078
1057 0.14569408378108314
1054 0.20335141585177408
1048 0.71668389624199091
1034 0.020811876000421392
1069 0.04001352904764989
1148 0.028009586751929206
1146 0.052755154555123238
1106 0.043060255260849327
1100 0.061425959067017172
1186 0.034518420278429877
1077 0.35817395157208676
1161 0.051655148296864802
1154 0.51109304749872175
1120 0.040733731369004246
1104 0.089661508057710032
1093 0.1202418057547775
1065 0.60805112550813689
1062 0.59020420976091947
1052 0.14172555514302029
1165 0.094998666858908842
1022 0.72200411723144653
991 0.6742097685630638
1017 0.72440082905779768
1109 0.66153089711190127
1028 0.98978861742729873
1084 0.6093517848337765
1055 0.91031305312683108
1049 0.73525649445724894
1024 0.8138859960229734
966 0.74587127377997231
1088 0.078183725873294072
1079 0.1048263607864541
1080 0.036916959018406831
1063 0.032003433139514911
1127 0.60063073268193401
1115 0.083389830452889641
1095 0.247987645764084
1085 0.63445590547053143
1144 0.63302061268632204
1099 0.69652785549887197
1142 0.22851848141360029
1140 0.22895956778173396
1138 0.17433906363018756
1118 0.12698259824773125
1136 0.080874069077600114
1135 0.19647581080826254
1126 0.077064764690890297
1190 0.027061937208955583
1179 0.046136043961003861
1145 0.62215269663245487
1147 0.83707017736996403
1213 0.022226517148059892
1198 0.018140858244352336
992 0.0012506571555841097
1000 0.00092804753864798991
982 0.0044691822973795571
1041 0.0044368666622769141
1020 0.0057662094113382261
1019 0.014405045033661971
1050 0.12065605049250155
1035 0.057349308362159158
988 0.026154016345575386
1072 0.035323602031435343
1046 0.031447659447666858
1096 0.21935733865124366
1075 0.031255135169065452
1068 0.21489174161521177
1076 0.010502318398369206
1060 0.023867165402679243
1056 0.005085850086709108
1128 0.0032537528916488389
1151 0.050817735777614455
1162 0.076103325813469666
1155 0.025330582129882439
1074 0.017593655619301457
1170 0.017353121779654174
1141 0.0076726264525882595
1083 0.049412879652699714
1059 0.097673727572498981
1040 0.11624848074880308
1058 0.047119183259949932
1045 0.32380893389250753
1032 0.10381638501906684
1105 0.016165846926030569
1101 0.030419796801614499
1094 0.01569638882204525
1091 0.038502324731756195
1108 0.092072776155363509
1133 0.006861077225812931
1181 0.023570737424424205
1167 0.0013236905096400652
1139 0.01307834961668127
1129 0.027509752555117208
1124 0.0073880475020905792
1123 0.0076462672445432702
1114 0.019356648441033349
1107 0.014914110131618832
1117 0.0077331424977829296
1134 0.1279644423149677
1092 0.068656175804458958
1122 0.045242711460745287
1246 0.67565286433844463
1231 0.20454170831162177
1143 0.031050620866532357
1152 0.80670379739472808
1149 0.087965797454368319
1205 0.0049936427709416486
1191 0.001951349444329494
1174 0.14269395726760223
1306 0.030597126794461707
1302 0.029488421778273394
1284 0.089707617529176845
1280 0.056709909082090573
1263 0.004777420930438139
1216 0.0051829150019190896
1203 0.13402257191567676
1194 0.01616749231715359
1172 0.01995541250425268
1177 0.0033055268728932651
1175 0.0036944554242358818
1171 0.0014226666285846021
1223 0.04996044049497976
1222 0.02122076425072441
1206 0.024803106984635417
1202 0.17034740595831011
1192 0.09898629656863793
1112 0.14521161739062199
1102 0.54837431293678973
1137 0.10257434110150743
1103 0.078892868155590157
1168 0.96189357062916159
1160 0.73090207035879295
1150 0.80914880520703636
1180 0.69905678583384223
1249 0.71257394226077742
1235 0.7759435927538807
1256 0.77101012754037335
1255 0.03982264142033802
1237 1.0474679576131121
1220 0.43300922309142681
1267 0.086440306615919241
1244 0.041090359092932675
1230 0.073809529096266632
1318 0.013448662801544791
1303 0.033336704443316399
1281 0.040060632439603873
1258 0.013305518356645157
1250 0.025009601268030514
1210 0.02593231906910743
1182 0.012055565534782086
1163 0.0064523012198864031
1156 0.0029713106546261693
1332 0.029705769168701563
1211 0.14704989148698802
1204 0.0083643601959572638
1187 0.11982119756855951
1176 0.0035375436650958302
1275 0.033826964633641099
1265 0.027054217104797839
1261 0.029521338612574805
1254 0.15795744662514574
1243 0.0049094491701982398
1221 0.043136531984627455
1199 0.019873259102757945
1185 0.026646450393443624
1233 0.012501382064514401
1197 0.0035564438956739749
1169 0.1388639136455844
1200 0.028988587417628577
1232 0.12540634329217026
1227 0.098643029272626595
1212 0.096129915208959749
1183 0.45634500286058649
1193 0.49127975306914651
1178 0.012853305332453489
1226 0.45552206734016087
1218 0.61717435636072748
1207 0.0069334339477647331
1219 0.014358494364781206
1242 0.39910040166333477
1224 0.043186183472994043
1319 0.011024630603263239
1291 0.26768185940416961
1334 0.063903727871782987
1333 0.0079041203856322698
1317 0.014216859310589004
1264 0.0042110786831933969
1329 0.019079974098211657
1328 0.0078591954812141564
1327 0.051137419328861691
1338 0.0090507837038001446
1356 0.067732552348673092
1342 0.019469775408884914
1217 0.0248963151500326
1208 0.0088326048266401322
1240 0.18985942983099022
1239 0.10137851576386489
1276 0.057084400085965527
1271 0.019821810837654542
1238 0.016521453579231557
1229 0.016446247471971858
1308 0.057740112712198574
1289 0.30783987808895164
1331 0.028148809072159026
1214 0.037288597114110367
1225 0.070670517977436731
1234 0.11504232095544699
1228 0.038537073891823904
1300 0.031336147147754748
1299 0.0083530534925816535
1288 0.0012976073049000287
1274 0.015435689743433772
1260 0.097162152298597995
1259 0.54642714420112748
1245 0.55124007249091855
1253 0.056319550157709626
1285 0.13746303198503904
1283 0.11773209731846665
1295 0.035075838561922229
1310 0.022286245356029095
1309 0.0024990499801841627
1313 0.0040939555342523375
1287 0.20308265438826037
1273 0.32585654330489283
1351 0.47259717374261062
1359 0.011285889364796969
1354 0.0030151632551474938
1326 0.0066408727269458038
1241 0.1382253930907851
1282 0.064655309735592567
1272 0.18465383339972791
1316 0.82622331767088109
1305 0.8196785684688338
1390 0.034068327223881624
1377 0.85699362549236724
1374 0.89757072620352951
1373 0.00096467527085290295
1367 0.0012912405504067329
1357 0.0017711005839190605
1349 0.76536425965108434
1335 0.034280041923802428
1330 0.73444388425592055
1322 0.21052205587771755
1278 0.048173056498655636
1297 0.3158122589090554
1292 0.045486276160832152
1268 0.0062114292109799766
1277 0.17774363079018909
1296 0.56774562787906246
1339 0.20054215292245436
1286 0.42725816385716553
1312 0.24838647743120071
1324 0.081456477402131106
1358 0.11776942312384797
1251 0.65765551443872072
1307 0.078148331291550632
1294 0.050814559524409705
1382 0.25409198004888883
1378 0.50886354774873221
1370 0.058934394145126884
1365 0.14154239535498056
1360 0.013946344672359598
1353 0.0645797405551327
1345 0.020831896309270036
1340 0.076288147014739752
1323 0.030444445974256547
1321 0.099384224400831916
1380 0.5943537935391251
1361 0.40083463656293405
1350 0.027408666751701036
1445 0.12973650380294696
1403 0.3982812820680024
1315 0.10912779509325228
1304 0.54206633078346922
1314 0.032245913613392269
1376 0.037743729956395689
1348 0.032836435613472804
1346 0.015673811841845194
1341 0.062540738698709797
1402 0.026665656820953763
1355 0.0079961370500510262
1427 0.0016591646712768345
1424 0.6550563801113114
1413 0.00032927300043567509
1405 0.001332502417640471
1399 0.010013862558611157
1366 0.014950348754569761
1423 0.79256854268005061
1422 0.80180810357254884
1414 0.056975614091463483
1386 0.78376261136432768
1505 0.10996471785437405
1491 0.69138748149733886
1462 0.56299850221853809
1448 0.15919364550260565
1430 0.1432909621241216
1416 0.12482225227427404
1404 0.052335454186414013
1388 0.13491364572224801
1364 0.10264263403626815
1347 0.05532057338838077
1325 0.043809241161608552
1411 0.057082471755901108
1389 0.016312597800624256
1383 0.04199916668157485
1449 0.031755923184469445
1432 0.064893931428425838
1421 0.025801170567997349
1398 0.063369196845747433
1433 0.041656279555793201
1412 0.15554995063218563
1394 0.52604801632073017
1393 0.16982287413287853
1384 0.0057946420862999047
1362 0.024718981269133512
1486 0.62950344071387154
1472 0.77997030703460135
1401 0.74568739787201732
1372 0.042780050976597428
1463 0.14711802857673445
1444 0.033850897397463234
1428 0.12495262532388117
1417 0.043364262769497966
1385 0.049222789659463785
1363 0.046919428998828602
1379 0.0065515626472030753
1503 0.07246655688029395
1500 0.079567304183284032
1473 0.28527651418177269
1458 0.58089395617862316
1407 0.028272204740680776
1400 0.009399366855042314
1517 0.16260934471065455
1489 0.092210210125483291
1437 0.43025140565113634
1425 0.11541036317193026
1466 0.020770932482656983
1446 0.36536482741873438
1381 0.040108815329145286
1518 0.55613301490898737
1487 0.21330197145808
1468 0.13815680185528376
1543 0.11620628821374476
1539 0.02711195497457022
1531 0.090653411162919847
1511 0.058912596062925142
1451 0.016555300710492035
1440 0.061393059113686199
1429 0.011491002783135236
1596 0.17496732657911057
1595 0.53676124778433998
1590 0.084984536630185459
1573 0.12608966259306306
1550 0.46984708814136233
1545 0.049366285436378755
1395 0.0039485873130308677
1469 0.022672749397200535
1484 0.17987709191168541
1488 0.24811235680389038
1521 0.77975896615809215
1512 0.66134668815046715
1482 0.014433976875695222
1464 0.21960604404958051
1431 0.044452153878253277
1426 0.024162439628142202
1453 0.024724476651988722
1418 0.46109738928287625
1408 0.0091035939754740974
1392 0.0047636068176938138
1391 0.010267928293186766
1375 0.0093479921454582837
1397 0.060211493109884641
1396 0.045881132443658913
1570 0.040631754615264803
1546 0.021951913197068382
1509 0.25050194628068329
1604 0.02981995141630735
1593 0.011006869349216266
1581 0.039491529893414229
1563 0.023797217445638046
1574 0.042985548608762018
1568 0.034994793604440168
1450 0.26821787355639193
1438 0.005390471942037638
1435 0.66032404365529351
1480 0.010306767770418165
1522 0.11563737527813582
1504 0.45005056398376531
1536 0.053430125675230832
1442 0.70412069272630995
1561 0.30075378998847108
1560 0.086065905072527357
1557 0.10547247181914607
1538 0.19100924665702915
1502 0.73113385313524815
1409 0.0075991182226274531
1612 0.079732775970346559
1537 0.0081613118581114856
1483 0.012417477750701024
1465 0.0060923649095209927
1470 0.14039140034164943
1467 0.031987024762694646
1506 0.59640890357294873
1499 0.18273248852372401
1492 0.14467433510943023
1410 0.090739238940354905
1434 0.021697512603416885
1436 0.038993546376974338
1515 0.03241914395515464
1485 0.092152981810110682
1441 0.02517698125522648
1419 0.011696905559315025
1415 0.0042039419011885406
1447 0.0741101583140064
1452 0.59955153235885073
1490 0.037843993725827745
1455 0.22470720834902458
1551 0.096295535487651643
1564 0.069123178060465029
1471 0.017655247763074637
1439 0.0029529241570668608
1459 0.010291770481896825
1460 0.0053205875087614374
1617 0.42994988572136178
1594 0.58609275459928667
1589 0.14345021088048468
1544 0.071027167244776826
1530 0.062961104593710016
1474 0.0012724766883567755
1623 0.040687890453989142
1599 0.02430930579836715
1582 0.036246021091120309
1553 0.03320085179944697
1651 0.023614393832916043
1641 0.015504524153677434
1625 0.076434076542060941
1516 0.11770764722846537
1479 0.027491627329484958
1478 0.28002214602435033
1476 0.18606972823084172
1461 0.23561592876636955
1456 0.55702043279121594
1514 0.012177537622540062
1494 0.010989621301573039
1477 0.55633457510465589
1475 0.33941397070950008
1497 0.48674892054853347
1496 0.051668345787064113
1481 0.030762957507155506
1541 0.42103943466358362
1532 0.13860761650165226
1498 0.065123733926932187
1558 0.15806587170172201
1567 0.04346329524044195
1501 0.061772261887577867
506 0.00084205606490611172
448 0.40300897637077887
477 0.53774132204276792
474 0.021672358258657341
480 0.00040435806972837147
503 0.0053116483058438212
498 0.011640019201946801
490 0.0085947985818617713
585 0.010404111563215879
578 0.0079927456225198767
574 0.14872634283090591
531 0.010623068212463388
456 0.64819224635930328
505 0.18566258446777903
509 0.0014404446129816133
494 0.075982030389733446
528 0.000358836427636017
526 0.001424098653127542
521 0.02770683417203668
544 0.0017673844259388416
538 0.0014977826434235044
516 0.083851417441845988
511 0.081442543322201758
533 0.033349307134882267
492 0.010635398009879645
482 0.02267027108583098
584 0.0015360026761350625
552 6.8648423300335089e-05
536 0.0012209570592848335
529 0.00056936919370744745
523 0.0037446310385398419
513 0.0039712323838080573
783 0.67779817256713015
720 0.073548004312390586
702 0.65873238086457619
979 0.20800000727034038
976 0.2921531847384784
937 0.54087785205742978
918 0.36279234447034925
883 0.12585854882652739
879 0.19947221289870015
878 0.092195001875735635
874 0.63297108781865175
861 0.02620010041380531
837 0.66296408398478501
834 0.49480427202732041
809 0.76107359006210973
782 0.67662918203675837
551 0.0026253705064681557
545 0.0018357321094711204
543 0.00065768209973206368
535 0.01042592357370839
489 0.94314936675554195
491 0.015459576346343516
514 3.8493764127674349e-05
560 0.0034980874046075952
502 0.005819141429746
611 0.0072571431018119085
602 0.0036185758159739544
598 0.0018771762074671519
591 0.0033337684975823811
573 0.37366076953629124
564 0.30694189911377934
592 0.015864522813053228
579 0.13122002000084559
619 0.0037595796284928536
524 0.016401556724309704
520 0.068441461612423163
540 0.11694310732410834
583 0.00061232522926434616
577 0.0041789926560978066
618 0.00077287064543855508
608 0.00077794672053573368
617 0.0010487908965473298
610 0.00095431379721246969
601 0.0015269603508322174
596 0.010582903656696232
593 0.0019243119982916364
589 0.037266357252095948
572 0.0039287333580895591
575 0.028801342821246686
653 0.20756215480658802
704 0.043345334566381837
669 0.030521828049456155
749 0.016705431886980267
730 0.013192671091731461
565 0.71875121782538187
557 0.20592862635057479
553 0.054265092577433977
546 0.021591965550892114
527 0.5832975756404426
542 0.02909745691981119
678 0.016586924205517641
668 0.003390020292941096
641 0.0093051900872336158
606 0.0020852886231440826
597 0.00072941808205282722
563 0.0011638841454022679
660 0.0073498352656582253
642 0.001798270005212003
637 0.0011450075030755163
654 0.0021874062742003133
623 0.0075994104285052504
615 0.0099741048196029369
677 0.013785321570210231
670 0.0041395614117499336
628 0.0058421690967318607
616 0.0037698229162238819
554 0.050291331787555689
561 0.092926749684173374
581 0.19004399885071852
569 0.74318612161867359
614 0.0027294071176692915
580 0.062155258452560487
576 0.057883096323195798
567 0.015290137407117791
634 0.00052804407069002141
667 0.01474958192148316
665 0.0043329943430736768
655 0.003994892126462239
648 0.014096989510516102
630 0.0026296092605233197
640 0.0007271642374922807
635 0.00066198924048168977
661 0.0070699320400710751
656 0.023629132885799965
643 0.031231281311740897
631 0.099777868392198918
657 0.089008191233926393
625 0.06263592423503761
690 0.13879698788710654
686 0.00039705231404521231
700 0.56465228061315198
698 0.005127719886703336
697 0.0098284263346811035
727 0.012997735053089801
716 0.018704166745275252
675 0.029625906532368795
743 0.010152788752706518
719 0.0071118115554550127
658 0.0017259204936204324
684 0.0049787465495765492
679 0.015839484294563649
674 0.0023276770173387448
671 0.0018073784705235285
717 0.084874860218750584
682 0.0078918052512463779
664 0.0035315832829042964
756 0.028544735214527515
753 0.0057802377529047495
752 0.0044325058017532556
751 0.0013311075207035315
741 0.0070822711481357443
732 0.0052025957951835223
701 0.0038176218913861578
689 0.0044892538049284853
652 0.0010436096912747447
651 0.001447529529491386
729 0.0022118070668074156
726 0.0034495185886485812
696 0.0086735763116045691
680 0.0021403223579834828
778 0.001970519747438562
774 0.0050694290057246294
770 0.0051065402462785589
764 0.0091884755473590346
758 0.0050418136529165975
744 0.01846164450552832
739 0.0029499039656101286
738 0.017110771325314928
734 0.0014096311720919546
755 0.017976945525862133
713 0.034307766819018787
708 0.0014946346824982969
705 0.0002719710569760746
691 0.012601747365955358
868 0.08595299438481524
842 0.021416923365953276
922 0.025742468324616703
901 0.035618206823003616
693 0.0046049976680895581
692 0.0042017204131974562
733 0.0040961391476237469
731 0.38146205554653334
709 0.14094639715152305
706 0.052233126809499437
802 0.022083846357658466
797 0.014214185116153969
788 0.024119918228415811
763 0.024724035026160641
832 0.024014222546065934
814 0.0098706247983919478
812 0.007613480703184395
807 0.00748675636456293
794 0.026649802629388954
836 0.0075254381794919514
827 0.014715478798331297
769 0.019639945441823931
740 0.037291559984041961
796 0.015769724033954845
789 0.01313727455162644
761 0.0064290803653888687
862 0.032031444691968197
844 0.0065955780459652173
838 0.079774378326771408
801 0.026086478827537004
728 0.01783034544107737
718 0.071888274433102209
715 0.010412533013333853
714 0.0014187291136951651
724 0.095197291290528285
904 0.29116469044877152
932 0.039849948166377928
921 0.017583198121728649
880 0.013628092516929979
963 0.46287444727914712
795 0.071949949621391174
780 0.17563526220530606
773 0.39809449637304106
760 0.16442236575881075
742 0.019086575820616285
924 0.019700396216418427
881 0.12014242905546214
872 0.011388029190151703
858 0.025435003875865284
830 0.010287017157912148
817 0.069674608680580549
754 0.017607842224891642
864 0.013173939687017197
849 0.011488649550765574
737 0.024735939398852561
811 0.021612535173071441
805 0.022218055844268364
893 0.10611563284054994
892 0.077981999914514585
888 0.039767608557676304
856 0.019480448589499818
845 0.049740869252671467
808 0.0099717319713159384
822 0.017149523894357706
818 0.049984832283653656
826 0.014352764619230763
825 0.0068253688973797513
824 0.63376980403286687
806 0.032480816603716579
840 0.044272901355265883
839 0.070267286373898813
821 0.02187554937323298
875 0.0080658273179271735
854 0.035209370896671838
831 0.032384553075992188
972 0.022732850151989795
944 0.391995426775471
941 0.0029587395559668764
908 0.010275452939868975
887 0.021729693796440405
884 0.073675923000816462
873 0.013637281887982133
870 0.010865779057676675
891 0.010483501826736441
911 0.0084659561448883029
906 0.010884711705395997
897 0.0030774748207733093
890 0.0071428972371163219
798 0.015784504357623911
815 0.0069291139883662896
813 0.012512233633952102
907 0.0024421216634930307
848 0.0078252858407008002
828 0.017054831727583174
902 0.019468531690900126
912 0.1434168234833218
894 0.14366919359941421
816 0.058274025802689894
847 0.064050291509565663
846 0.0070742234749839299
863 0.25497613205784203
885 0.039627772412944504
843 0.0021677466790768298
855 0.015623025993048611
889 0.022419632143314223
971 0.02842218157990559
931 0.0069093375788597542
914 0.012279422687929137
900 0.031190334170003241
896 0.014502200380202585
895 0.02171025607552178
954 0.073650133605547868
948 0.25861938711645494
920 0.065256957142677166
934 0.015060456769777434
910 0.0055553791357909168
923 0.0057860046748072743
919 0.0032712438425533878
936 0.01337971180937597
916 0.075553159977508111
915 0.014222325030975676
909 0.025330773241735868
933 3.2237641861749896e-06
926 0.02334969985976923
939 0.0083985542823928235
930 0.0071926651791954762
967 0.029617253895547199
2051 0.033378928954536639
1989 0.52472078294373958
2049 0.095721875647862484
2030 0.04906868604955459
1995 0.066464647455948725
1975 0.26140430875550041
1945 0.62502417347452677
1927 0.10523909455521367
2053 0.018902717688449193
2000 0.020803330802491103
2014 0.024814077636766789
1992 0.012528946225942425
1966 0.017073652110805637
1950 0.04092211531618388
1929 0.12751050029555225
2070 0.010580190019210459
2060 0.012074203829564515
2056 0.015297151465567005
2058 0.047554103953110265
2052 0.049241608505899391
2227 0.21848740448946186
2050 0.11341057444519302
2202 0.0058329234014093713
2174 0.38060936751297431
2170 0.0038698966138068351
2151 0.0061266897445564593
2138 0.0044472617464979373
2123 0.048799108749662382
2087 0.010999860899095692
2079 0.016990152910359779
2078 0.018605610493226437
2069 0.015018786962721759
2175 0.009843729064305879
2156 0.0079195175572225884
2132 0.0086944376008540741
2119 0.84999371521664935
2117 0.0070480012562612717
2108 0.0017850790148817961
2088 0.29273726662849819
2067 0.040638249818532507
2083 0.021624226041469623
1939 0.055110169633465468
2091 0.13184315182197945
1977 0.30287347419548932
2074 0.11214233379395114
2061 0.070947305222920989
2046 0.11239744699464949
2038 0.17548623070002328
2020 0.039423062589271203
2019 0.058303751340001243
2015 0.059229432600155216
1997 0.038494495380805363
1984 0.092816690695351395
1971 0.15831838840933557
1967 0.44200709575615282
1962 0.0072707010415534543
1943 0.44800881356070654
1938 0.4780826715827563
2037 0.0099624534130831038
2022 0.038845894346346915
1976 0.047267874503153298
2080 0.077666172514944856
2111 0.5526271725376003
2033 0.057597190217744509
1969 0.022548614005714694
2032 0.077593526585371331
2027 0.02532515302513326
2004 0.033319744682359098
1994 0.027317350208377712
1988 0.40985872155968056
1980 0.042870649658611627
1958 0.097018801014192524
1932 0.14355650520620053
2076 0.10957054873685067
2026 0.46748607931232977
2006 0.43575228173614688
1937 0.12231091752613583
2025 0.032118328770461849
1983 0.019239627778078063
2024 0.064408744257952705
2013 0.0095226687287971526
2012 0.067006517138996094
2008 0.0014067883668593894
2002 0.0064882451346621938
2001 0.010526579175534179
1979 0.0078192221718080268
1965 0.0066305977342377915
1961 0.015324242246871367
1960 0.0073805580762393297
1941 0.029024819505432852
2106 0.10227719494352579
2100 0.41750058078106878
2093 0.0036252885195984541
2082 0.035403578837405074
2055 0.018986824506130411
2028 0.10336422526590992
2018 0.049693727823491581
2042 0.22027771370169194
2021 0.38526736101042541
1949 0.18466270773777699
2023 0.0053011628278929425
1991 0.0036452532277062534
1973 0.0046997636177310018
1944 0.0085355598770195575
1990 0.0094726818928882444
2005 0.0041904053004706808
1972 0.020720840435374758
1948 0.010503473232609618
2010 0.045147318756424158
2003 0.20280895707759797
2029 0.1650272521886208
2016 0.0252266798405117
2009 0.0089269494775870914
1985 0.019082398431484359
1951 0.01335829943841008
1952 0.016041809297980193
1978 0.101721387267708
1981 0.064243128427849017
1974 0.18051563466699269
1955 0.17195343129289609
1993 0.014857244798885108
1963 0.020092324233246337
2065 0.71374850974622028
2057 0.05100087173098114
2035 0.02001574280550103
1964 0.04696643534199639
2267 0.11436060231675121
2226 0.60531345838232586
2206 0.27203246676851822
2186 0.57189743096147938
2171 0.62231536807591337
2140 0.75415164275857571
2130 0.050792104080693477
2112 0.059769535855627526
2103 0.035784123161466154
2096 0.073668338716945544
2095 0.0431568011804489
2044 0.22330247665685121
2040 0.19830384712183799
2146 0.1760635272541424
2124 0.14387060687994255
2113 0.65375840111410155
2097 0.18701063897273351
2086 0.53302108282222893
2085 0.23004242357284282
2081 0.57327733153706073
2071 0.66494328647216772
2041 0.052965710577501823
2017 0.056505950536960538
2011 0.048632403580106072
2007 0.05359218525676343
1986 0.063243902714677044
1968 0.07527775784178195
2092 0.25500798088749987
2043 0.06682468229912171
2168 0.073466614663422969
2159 0.030169395573739568
2107 0.075940703500323281
2094 0.03423171040039312
2077 0.044818213250366161
2059 0.030614522773238825
2048 0.031943287695743464
2064 0.056585939621138212
2063 0.041527046733433805
2054 0.022231190688105851
2034 0.026857153076212174
2129 0.47900883104282865
2114 0.50710230370916676
2084 0.090554523026388473
2250 0.070171259251190804
2244 0.0074606351469420403
2228 0.070567145819674201
2213 0.081396560286010375
2196 0.057336104897694744
2181 0.091179739250399836
2139 0.029927454060964732
2110 0.0082392482200454153
2099 0.020291280532143512
2089 0.0025667159847512543
2072 0.0055406883020140598
2031 0.010424406258985454
2045 0.010588550626935988
2165 0.084011114024183792
2154 0.14507006995654623
2141 0.065822159173786907
2136 0.032477346947399122
2120 0.012669209177568344
1987 0.028155003992494359
2036 0.0096048960609475386
2155 0.30614357622586674
2149 0.073106575114578604
2145 0.347249006910476
2047 0.17150556455687907
2150 0.14464222628636195
2073 0.0027722192961496849
2066 0.30366231494537527
2116 0.037799267973183025
2101 0.015445496375843422
2105 0.0017522401210683001
2090 0.0035585224765495335
2164 0.035924950895498034
2158 0.042334407858550804
2126 0.015633789438112299
2122 0.0055946263202586921
2133 0.070220990648881917
2144 0.069610205424696911
2137 0.017051326781690641
2118 0.026058024084495462
2143 0.062899089160116439
2142 0.065605859314581086
2127 0.15887033994643174
2075 0.0017763413675590091
2062 0.0095069765394603968
2200 0.083917997623140977
2189 0.34042456095917806
2183 0.047454555626620494
2260 0.1301093052669883
2241 0.1287443603884848
2187 1.2098730188659967
2231 0.14524115425033676
2225 0.078625175570412056
2216 0.071085433836489131
2503 0.058751615479208825
2502 0.3684816812212483
2494 0.085477210162373932
2486 0.068030460051114142
2480 0.062480133249790876
2466 0.039500475005305388
2463 0.22001025973836205
2461 0.12905351011177651
2445 0.011299043016317007
2429 0.05003901263119042
2364 0.037196893144337856
2351 0.019987285514074003
2328 0.059929390276886055
2325 0.026403587648447434
2319 0.71313099841161454
2307 0.21886786781168205
2274 0.040725834678028865
2266 0.42365837044147009
2257 0.11746092935207714
2255 0.029218362032445048
2243 0.16975102360570851
2173 0.12672883138757268
2115 0.02330886623607414
2209 0.026316365784442266
2177 0.02325646514607824
2169 0.011572112573535612
2166 0.025470731485465813
2167 0.12056186039973363
2134 0.04094918829812854
2098 0.085010805897743361
2199 0.6431331832571664
2193 0.17658356685937732
2192 0.087603805316976244
2131 0.61188971248143353
2102 0.21042079094490471
2163 0.074511543927273896
2147 0.23604254147110579
2185 0.64079558588872187
2179 0.055764349346495538
2178 0.0080613268416336852
2160 0.0067986749539879245
2128 0.0063035755397213749
2205 0.0054894857872948861
2180 0.00068078349035270561
2190 0.0013665364316142747
2278 0.17119729302383199
2248 0.25351185429823719
2236 0.21345734192693286
2203 0.010516850067414962
2191 0.017692519083076248
2269 0.073542309291735761
2263 0.088225598474134859
2258 0.0045870549352885542
2245 0.0030523687310874915
2239 0.080411144986307262
2220 0.0029634754800843097
2293 0.087819350070668697
2290 0.57590539054065948
2280 0.57826340731905879
2259 0.5031528091876174
2184 0.80058394429272195
2162 0.01552884534921983
2161 0.82069510900255371
2152 0.77908611260223426
2229 0.79857791522331367
2221 0.057493836755717079
2265 0.19005678784844027
2330 0.062010889523173657
2321 0.061680072120166032
2301 0.0091081599599145881
2300 0.036675659469030231
2298 0.042868942236738462
2276 0.22711263559725073
2264 0.14808879328142535
2208 0.0084411654302288027
2195 0.059110113924062319
2217 0.12303347623958244
2210 0.036286857761440465
2104 0.61284891290900578
2135 0.06829777433202508
2121 0.016114685593869069
2125 0.020508636421124101
2172 0.21416337355656617
2148 0.15616535992130628
2214 0.0045584480553916996
2197 0.10424680723233432
2218 0.10720956998583288
2211 0.054026245310858909
2254 0.058095312410925734
2212 0.11415733392447129
2287 0.86898049765102658
2232 0.68358193553173152
2215 0.040583929567631433
2188 0.074574504414654894
2157 0.86628941937163029
2153 0.019255056059094937
2291 0.32355406008235599
2288 0.60079046205604225
2281 0.10402421858368681
2223 0.15156550923740172
2294 0.92250000829069034
2176 0.35884064159150397
2201 0.15550743445919046
2182 0.030222887593186684
2378 0.58224176917025705
2286 0.11127698441963128
2224 0.066618892418395886
2283 0.005774711769814117
2238 0.045002101314831039
2468 0.56186616357435681
2464 0.10036081364505278
2460 0.21178455540219795
2449 0.032807281868733204
2442 0.0057869940366543863
2409 0.0078220597794763057
2365 0.60185114667149886
2356 0.20741463224986367
2332 0.012483722057430735
2308 0.0090236794112771371
2295 0.0059685047694309828
2292 0.027872121309115077
2247 0.032967304177288326
2240 0.039298723061728956
2198 0.075242508989772333
2318 0.52376118050002451
2299 0.56385583186520327
2374 0.61588261402950761
2522 0.55580640318392682
2204 0.15192529254737047
2194 0.25847046751521652
2317 0.62452981694970577
2273 0.16452548784085919
2272 0.6228375268501698
2268 0.09395844692573814
2252 0.17005196930086408
2251 0.39690912800581235
2262 0.031270600860955705
2237 0.023384128034435788
2233 0.039887621407051592
2516 0.37678232941875067
2444 0.36469055922410354
2439 0.34013527961726664
2421 0.64651210882500199
2420 0.6870615505182458
2408 0.67489678847156531
2405 0.64670538632482066
2367 0.68655271810951368
2362 0.70785350474815223
2358 0.70528203027908143
2355 0.78671687188274986
2350 0.68369527427214349
2341 0.65718609867673894
2340 0.66129400320783338
2324 0.42338822333156434
2311 0.26860246353696304
2310 0.15756409661307591
2306 0.063682556455304809
2282 0.24780447085847074
2261 0.50549961698078116
2230 0.57890066656219419
2326 0.016419409043011771
2297 0.017607917480709806
2314 0.22936734081015808
2323 2.8387346466680047e-05
2322 0.097111397188108475
2435 0.23713447418548608
2434 0.16812420948086476
2423 0.13710829136987818
2396 0.08616482763732547
2391 0.15460865058747802
2372 0.57370636669282915
2370 0.52246780681476235
2363 0.31564713485295043
2353 0.20857284976085375
2346 0.37563981457443957
2337 0.54754457829543224
2343 0.014007928084218153
2342 0.011118323441935956
2329 0.012137042000871142
2417 0.019511961806121039
2404 0.013458566617396986
2397 0.011909651724764133
2389 0.005284522466124441
2458 0.022855936212796898
2414 0.018392994973091895
2500 0.24581558923217595
2470 0.024862380037227894
2499 0.088187835484979146
2487 0.068183300854717507
2508 0.17497617554916839
2518 0.011940234864632667
2534 0.17217142346381192
2531 0.1102255539999635
2207 0.043875870118223442
2256 0.1739316296995311
2219 0.086089940591594527
2242 0.52867828034290387
2235 0.28924927912060144
2234 0.090659922001332757
2222 0.1796824257335968
2418 0.046279391273590487
2398 0.052113029346613153
2394 0.55163839704871842
2376 0.090406505735350737
2344 0.31130098345435614
2338 0.084070306894253766
2327 0.16973478906591227
2320 0.082177907239748563
2312 0.11577546727022064
2313 0.77381152076408044
2309 0.71314553361341693
2305 0.74093929079207199
2302 0.13805768624244932
2270 0.046480042400299286
2249 0.29329632335256556
2354 0.65880796386430074
2336 0.2768317511106772
2538 0.20268590493265506
2507 0.27975540922428477
2601 0.13592819875385115
2588 0.45150730670876693
2579 0.22943920674108814
2637 0.21685471250655974
2253 0.49749470411020974
2275 0.04331116365335641
2271 0.0029839947357609624
2246 0.0019045035419565756
2315 0.019014451529772585
2284 0.046712018728354884
2277 0.010579277149260703
2279 0.35183416646336818
2285 0.099481307326800592
2303 0.011042517235136795
2447 0.010531937938965652
2331 0.0065077195602974017
2347 0.01271929280356493
2304 0.02455657067217348
2469 0.61345580410612577
2465 0.70726475527786392
2436 0.016178723164397758
2432 0.0092309444996966968
2393 0.027590044742532661
2392 0.029976640091679357
2368 0.023829878452178658
2348 0.019571382961304819
2450 0.0075757498330697318
2451 0.0026231715708083104
2488 0.010753209624936932
2478 0.1477745792105615
2498 0.19890750868705745
2481 0.17863999274190598
2479 0.023615641922735953
2289 0.47970228897197614
2339 0.033932720503958333
2334 0.078338188052537963
2390 0.15438849322430753
2387 0.10890299252369245
2352 0.077738791306599817
2335 0.088551695930308913
2388 0.10447662233649566
2345 0.023203513694438058
2316 0.029290157758603927
2410 0.020896086583051702
2402 0.0089535685549669824
2385 0.043845040741449813
2384 0.048305363901411429
2406 0.079888399060094997
2357 0.097456226262528547
2425 0.011308256645496145
2424 0.044857212868759933
2407 0.033482652168881209
2537 0.4749131916062424
2528 0.27113942730147261
2521 0.48977803314945573
2519 0.11296396642584648
2517 0.031984496545337145
2512 0.026456682684549971
2484 0.52297140630882522
2453 0.015286165430677172
2452 0.030034057585332671
2426 0.02558148967339114
2419 0.16305010677686926
2456 0.15033571461750339
2443 0.085536357660209866
2413 0.032002059532494326
2296 0.03694321490214602
2395 0.10409099695909071
2377 0.71873312855538396
2375 0.1317110792623149
2371 0.045521163426260003
2359 0.035750389657299805
2386 0.011889362974433751
2422 0.032661495868330247
2411 0.043171997454451695
2349 0.12586145304968993
2333 0.01892088911594255
2379 0.034181831638308319
2369 0.048274554681116723
2366 0.033265518816846688
2361 0.029294226899870525
2360 0.027272935090545999
2383 0.090462670754787644
2381 0.05721965247571565
2501 0.023722103286135995
2497 0.012559146751296811
2477 0.027980563846283672
2457 0.032831060891285679
2455 0.032962499904542128
2403 0.020284222380185703
2454 0.0054510244092775464
2415 0.0029980150429644854
2509 0.032990929738875789
2471 0.024857912979188001
2459 0.013686029514055328
2400 0.054335509631091856
2382 0.027502984313621411
2428 0.019367070353226545
2416 0.019294286864360528
2430 0.018914652595822194
2373 0.020393273458375657
2380 0.018566516152947556
2431 0.029332029511225658
2399 0.010267501070651086
2473 0.10414920951318749
2412 0.021572184131618745
2467 0.012194577771634794
2448 0.0069995849888182119
2437 0.0057704108465567398
2401 0.0048648761214300446
2495 0.028807234479747503
2482 0.025927096834265719
2462 0.0093470382400607354
2441 0.0090902886100575168
2438 0.0098262235504820005
2433 0.0044173938376210042
2427 0.017721629527836028
2559 0.0081043624000841953
2548 0.019377106172918757
2533 0.01045126097945356
2513 0.044114834900917645
2493 0.022309592887290862
2490 0.020063439446423904
2485 0.003329582209861401
2476 0.0069273067172025216
2515 0.027160162243587256
2483 0.077716918767870027
2475 0.031296449761343076
2472 0.014119475323264463
2446 0.39279249395553972
2440 0.056506758972235789
2506 0.0093070991033131472
2634 0.05485559293404145
2606 0.046225776353181772
2581 0.066019860947725301
2562 0.049229322122291835
2547 0.29530439496466748
2532 0.023125614769544504
2635 0.066343955480733088
2632 0.080962328694669919
2628 0.10900680905138133
2611 0.14528957939826823
2594 0.45162084280809484
2586 0.10165725193195176
2558 0.02035284847033025
2496 0.016326077469317194
2511 0.036224468874329584
2539 0.30863567131232045
2529 0.1172574340323487
2527 0.5569942286382572
2520 0.066114231430778325
2526 0.011181730344723115
2551 0.040496790082446762
2545 0.08657226179877224
2536 0.027398894702502345
2504 0.02504958080766052
2474 0.023063701744063855
2492 0.039456792239927957
2489 0.00082434361059677177
2505 0.011065206487181114
2574 0.44016686784301545
2546 0.030336159513489919
2543 0.096071516795500217
2530 0.0038632150800431146
2565 0.017169301531914542
2566 0.0046726853556193848
2555 0.065669093829133732
2542 0.010327810316831604
2535 0.015662824867245684
2510 0.80772139458382131
1527 0.029193814641338252
1525 0.021943994906308609
1508 0.012026448933724272
1523 0.6350236576390198
1513 0.2573018259821459
1657 0.54881900461566002
1635 0.04423924851561005
1607 0.14237900252128247
1591 0.62115133527257926
1576 0.68074211966522735
1555 0.68873901793460068
1507 0.091124713531545082
1529 0.041453594709840315
1524 0.69645464607206142
1608 0.14023805924460622
1587 0.048108758601623447
1569 0.060952847169411128
1540 0.075189234332837182
1565 0.077852015873353775
1659 0.081434414246521231
1650 0.052341722973042626
1633 0.11304904996557315
1621 0.12812593288712154
1588 0.3126460152720093
1771 0.1361822037462391
1760 0.0042048263086330367
1749 0.352735244042649
1733 0.074115121917088772
1711 0.0035793089149108686
1703 0.0079067516071789981
1696 0.045613777116460898
1693 0.042620083284662949
1683 0.0025808588587614588
1676 0.0074761538315040602
1673 0.02721536223271229
1662 0.086428912315807155
1661 0.0053145654574187282
1637 0.034988689341821082
1636 0.031863118497078617
1627 0.023763288563241274
1606 0.0419389890377974
1603 0.015941055045313096
1602 0.43762258725515557
1579 0.010780731691120987
1542 0.058888997600378343
1577 0.047609735404170475
1618 0.085421586723956597
1585 0.032104454159299085
1586 0.024564246692819789
1562 0.14997562002914155
1552 0.072445613089320821
1584 0.34426189903916982
1580 0.13302336726248995
1549 0.028475637761949668
1578 0.027606748412829497
1632 0.057905582506153221
1705 0.20874002321368149
1704 0.50390704016685828
1692 0.46878768275852106
1688 0.054635569715859381
1669 0.047086230657646215
1655 0.044984725896163896
1654 0.16465801433259142
1648 0.05441659095117507
1639 0.01542664921199953
1628 0.049083630717789435
1615 0.05499130697900529
1556 0.079457818475566891
1548 0.17015597364565893
1566 0.038256254985997364
1620 0.063120421511377062
1600 0.059559505811837714
1626 0.028627898052577302
1605 0.0603733676642038
1687 0.04987936228027795
1685 0.46978655246190387
1679 0.055898522450125041
1677 0.48027347206623988
1656 0.44749660594382751
1583 0.026159860474234929
1610 0.026899305150616223
1609 0.010693871755849561
1592 0.011407815573556291
1645 0.036683499813416211
1667 0.095265325826754385
1737 0.016807154981630077
1708 0.020894548507020005
1759 0.010303184099740785
1736 0.0080608533339030768
1808 0.0061068286450584267
1826 0.013468052767048409
1809 0.012396330148112089
1783 0.059174995281277933
1820 0.051761714907056805
1847 0.004774041977152821
1846 0.0065985464107113801
1837 0.005091038253001447
1829 0.018986865408072946
1597 0.16625785862687195
1619 0.025134839118546481
1735 0.32091133978039493
1720 0.095664949465367535
1674 0.50844367624834863
1629 0.011171625110826077
1616 0.024865425279508174
1613 0.016321376077249157
1721 0.58924629256411332
1715 0.03036564172645792
1707 0.22656286671642012
1702 0.020892278221035
1671 0.08633520949035349
1670 0.029040082213868432
1649 0.031993891443508109
1647 0.026330230984005609
1638 0.054742617139595065
1601 0.018375058484515393
1646 0.15624754704924276
1598 0.098632519931346391
1675 0.055216125114195339
1672 0.051018108225271031
1666 0.030467724958249572
1681 0.031754445542740754
1698 0.05328567731846829
1664 0.037424894845052264
1653 0.014278999288445726
1640 0.0060620380474079886
1630 0.03023296518686085
1622 0.0085069824720371487
1713 0.55757916489645964
1680 0.52722151360041947
1658 0.55482581789964203
1624 0.20572444357311712
1684 0.50304906214839573
1652 0.42190053576990943
1717 0.050336628373676133
1725 0.2713727380755
1716 0.018156493966482654
1660 0.0053177632412276452
1642 0.013420920621725847
1682 0.048304484754446327
1734 0.053607458460388266
1730 0.032431255673294489
1706 0.029924375485628704
1665 0.018256023857950179
1836 0.020439210604934484
1828 0.089858662340648571
1802 0.010014932823146347
1785 0.054930778596901562
1765 0.072023689645436581
1699 0.036678344636560667
1695 0.026208054351802349
1766 0.60533303472498301
1745 0.54920843356967164
1875 0.279432497412889
1804 0.030429960352327739
1800 0.3140252507918827
1709 0.016099618113672196
1710 0.028344832728545578
1729 0.18721108046309076
1714 0.047012649254373429
1756 0.54853025832532998
1754 0.027191982155652366
1743 0.11427642297899425
1795 0.14760141212970346
1791 0.027905408629554613
1782 0.079650928931802784
1781 0.10135924771905705
1778 0.067241235522900872
1777 0.18634279365378278
1764 0.16963277936462923
1763 0.086437137406515541
1750 0.52138946742711589
1741 0.090989026393972453
1747 0.46814505139383927
1697 0.01098962402834947
1678 0.023103393712760933
1689 0.027691957670590631
1718 0.027760134020564965
1701 0.01226751568143248
1728 0.021041410068950127
1799 0.090286663993258728
1798 0.044544046564633989
1758 0.058414320600435728
1748 0.29540298653375952
1731 0.080415155293720883
1722 0.0099868912743800789
1712 0.026737915787365046
1690 0.030074846232031823
1767 0.59552123652016198
1762 0.64959619774773902
1752 1.863282403486317e-09
1751 0.27474331321106177
1746 0.027005650480313323
1857 0.010761153882599796
1851 0.032337933870710579
1850 0.028662575772249302
1834 0.021711969361591772
1807 0.047924323340384933
1723 0.030039640593448894
1742 0.01598730913334773
1775 0.13171698694602366
1774 0.0089156076311210954
1768 0.011626704007962528
1755 0.011668690083328636
1753 0.010764418359032527
1998 0.013351773249343472
1982 0.0046439478855670067
1928 0.013970287847754795
1917 0.0068625236364181115
1915 0.015818331655631453
1885 0.0096312977607846354
1872 0.014579748224015737
1867 0.013898075298828878
1862 0.044711992820894948
1831 0.011110679270540987
1827 0.033917410109397111
1953 0.010780022220630238
1899 0.0065688412818339899
1888 0.007641876998888175
1882 0.01728355770227057
1876 0.069915023593841802
1739 0.062375075472971928
1813 0.11407983565491973
1803 0.067295182749880639
1854 0.049574766616231336
1821 0.041762398237377034
1853 0.065368233023918754
1833 0.024628479321134312
1732 0.027950425173955809
1806 0.24504291837660389
1790 0.0558281664304296
1770 0.097545023820883661
1757 0.086872015505669517
1866 0.03240555468718128
1845 0.023473965368331462
1822 0.042657993817599729
1812 0.020090472764985587
1855 0.037491704393298415
1817 0.042375412018791372
1818 0.017917209152144307
1819 0.014355390059422263
1786 0.62741220247762108
1772 0.67427296580683949
1814 0.0085729073357308835
1796 0.005775034953506065
1816 0.012836049965007817
1792 0.026502744794554327
1769 0.053987452140486086
1879 0.052215289475041594
1842 0.0070427218187014686
1896 0.056812687046919746
1871 0.012755893395580632
1823 0.16596713548512221
1805 0.017896171401640189
1776 0.01585601227491695
1779 0.13669947533985197
1920 0.007947236609008786
1889 0.0082601679504031456
1886 0.014607823202471639
1863 0.05612350253029811
1825 0.12640349354916286
1810 0.1114238927718184
1797 0.12651587927735575
1801 0.015155063435200797
1780 0.017212838515661813
1868 0.092224175212153273
1843 0.3290213585349962
1839 0.053895642177031737
1830 0.042597834123338139
1789 0.16594361914218045
1788 0.5888409289483526
1773 0.16177484812575699
1794 0.67451770882659945
1933 0.094414646338152552
1874 0.031067874547871244
1865 0.031864523179189044
1860 0.62801085230859388
1859 0.05418773177832617
1849 0.15036804196980977
1844 0.60097865373005399
1832 0.028966323400751112
1815 0.030942005723833769
1848 0.021111478873977029
1904 0.14773177947837801
1895 0.00034031450206747444
1878 0.49755183445414891
1870 0.24514470014290499
1869 0.44064747100881152
1856 0.021877734703298984
1903 0.07703398717709789
1861 0.068198411120769034
1858 0.02991341728765242
1852 0.036229931889674279
1840 0.017192229466051014
1811 0.0070293932301095791
1841 0.013459269792774441
1910 0.022152086845464252
1902 4.0087292045919477e-12
1897 0.005105879117426315
1883 0.011498607418765829
1924 0.023453415709482461
1911 0.068475523165013139
1905 0.017398370509061185
1921 0.012791827698454838
1914 0.087443760663614756
1901 0.096614871646457268
1890 0.091544885708202628
1877 0.066009243816349247
1931 0.027730413148982478
1926 0.02778270435701656
1835 0.68038346383635928
1824 0.066358177392488088
1881 0.031047665769909839
1959 0.10224989639265143
1956 0.12825276498102248
1946 0.020346097134016285
1942 1.854654375462371e-05
1940 0.048101595124079834
1909 0.0087130438787017331
1918 0.046368934276284586
1916 0.051721855386529625
1954 0.17017743614679942
1936 0.017271048975546079
1907 0.029103258058159082
1873 0.025232994957857174
1893 0.67037252323281382
1922 0.035638595216469372
1898 0.069950781059858275
1864 0.028262108322864101
1880 0.021816112249900255
1891 0.017836006667405816
1934 0.099088755298610734
1919 0.81482917288596768
1884 0.049839921745492601
1894 0.064921230881825318
1930 0.0040214497472307476
1913 0.0035188532491109126
1906 0.054013221739246789
1925 0.0073856323387684998
1935 0.0056384386271162521
1923 0.0072401193353931739
1999 0.0041818022292740356
1970 0.11805006772296552
1947 0.012218549454647532
1908 0.36787194829553777
2109 0.012274365293882301
2068 0.014414696012279165
2039 0.022630952697850582
1887 0.021078369041805826
1957 0.019687292809284107
1996 0.20175760805931683
2541 0.43992067947780439
2556 0.29795979959972557
2549 0.51391286665699609
2580 0.52323755969383023
2591 0.035957993394254643
2578 0.066262103857843091
2567 0.011590718918737019
2523 0.042117834175217764
2525 0.019297606902074334
2514 0.0085521141901959176
2491 0.062713442064685626
2553 0.11511510377032987
2571 0.029553690843353891
2563 0.4407071105161513
2550 0.09112447121249917
2614 0.04354210449045115
2612 0.0066203352157443362
2605 0.026906064025785909
2590 0.21332339086302826
2589 0.086198701028359206
2576 0.035699160793065877
2569 0.019942478953784901
2568 2.988759930488003e-08
2561 0.010248344685520541
2557 0.008316515450225442
2575 0.12878843258252248
2617 0.044932173463538429
2616 0.16334183783775438
2597 0.033659752668924348
2524 0.14301005072686132
2554 0.024909448964909493
2552 0.0076926251337759537
2600 0.043524567357705456
2583 0.047189254932339823
2564 0.032030594737085055
2643 0.028024263737999388
2640 0.033458107814640863
2627 0.011937537468832074
2623 0.030566393602423358
2622 0.014557600250058049
2618 0.43048919828293758
2610 0.066008181113001482
2603 0.041703912150548181
2598 0.039028912539174607
2577 0.0045602011091158846
2620 0.025993190454488498
2619 0.057867861472904805
2631 0.53023009778611663
2626 0.48189052113113162
2599 0.063083788131545748
2629 0.037041930527437476
2621 0.036032574744804008
2544 0.39813317322851277
2540 0.19070342206229973
2602 0.17433186408054765
2595 0.19761640585317158
2613 0.34024312585783972
2625 0.044711272927631475
2624 0.0268451204824336
2609 0.13087473864663604
2587 0.24155777795858732
2572 0.15160543604291143
2560 0.13685876454500912
2584 0.25437786975402771
2570 0.00016421303443117522
2585 0.036372028584695876
2615 0.90752411542508071
2596 1.9109480864597817e-08
2592 0.20859149963117382
2573 0.10883888774225077
2641 0.053391946691087933
2582 0.02953767885964674
2636 0.12918022183771327
2608 0.17835098046356088
2630 0.027412690849549119
2639 0.051574344462466004
2593 0.033372484212493503
2607 0.084102351159401775
2604 0.46912843505738094
2633 0.050071958691868541
2638 0.027029622882883419
2642 0.085442345750494961
