76 0.023676156356098203
1 0.0092605826538396715
2 0.0057357766897128187
3 0.036655117626869696
380 0.024047586710225784
256 0.023592715118688708
135 0.014879366479192949
10 0.11269064557737599
158 0.022483724422215447
67 0.064743603041646808
40 0.053953651293346276
5 0.038897401602885781
4 0.020776543110424907
6 0.096105883591362962
736 0.01046727148263535
703 0.09292409970813674
699 0.0073803884100538024
650 0.30181461975721829
636 0.03117595071487976
622 0.099747562175434734
604 0.17085793461116211
568 0.031715603804099268
566 0.069988671242187647
562 0.017604242437518024
558 0.045302700854822561
556 0.03122700916866766
555 0.10565475726851473
547 0.041280104927487467
500 0.015120687867867357
495 0.075546400303376199
469 0.091098236343649941
467 0.021773313431893086
450 0.083413498855044774
428 0.004953654713651179
427 0.019034452005309808
423 0.017006679041292713
369 0.017546054208985633
367 0.025530682354826459
358 0.018013579201314897
328 0.022879145937357688
300 0.02580991277444529
299 0.02176947698023644
257 0.05402216188973058
254 0.0082886321152514358
253 0.018561824728870937
205 0.10839417566997356
193 0.31880181409733005
189 0.0084387036159970386
118 0.027619424060874267
104 0.016085489500462593
54 0.013424555770573644
11 0.020707934998097345
9 0.01266653285488256
7 0.011987450175262678
41 0.39482717228080971
42 0.0048014688980303564
8 0.0049576689543505649
63 0.0048965566917672926
77 0.010797329912837259
12 0.015154028352602603
226 0.037560892978414286
150 0.012166852775519653
139 0.010261743374283224
125 0.012323402063217477
255 0.067586819354052946
251 0.35943161500297782
239 0.049233412626544244
384 0.011801352668343663
354 0.010713172833257106
281 0.049978232816948881
424 0.0021755813050245054
422 0.012237185934265196
386 0.0099805510348487374
381 0.0081532297358072534
370 0.0034838074548642359
356 0.011921290174208192
351 0.0068002015671740799
345 0.0079082428822112392
321 0.028070575548348495
457 0.034477265036206316
683 0.11028823422868543
649 0.09761663019245366
599 0.3661797859315678
588 0.063919519090878493
501 0.19693651152420194
493 0.04212071152645773
473 0.14511683547750764
711 0.085361800207584923
707 0.044643498993760342
694 0.37655702792359624
676 0.1485129485611896
666 0.028404010466874519
662 0.045902563546077663
571 0.06713335968920639
548 0.3776115769238364
595 0.48082490084347046
594 0.41374690647526935
582 0.13312283357492216
685 0.054516040644414822
681 0.14316996614566027
639 0.18147641437862397
629 0.044548031384673469
613 0.13750564827203787
688 0.067669115912185288
663 0.077798702639677642
647 0.030792249730710913
712 0.10413245279757383
772 0.45810328453677168
748 0.097324249928635559
723 0.00094981668631466713
721 0.039981414141013694
804 0.047163757690213935
777 0.23315210677545428
776 0.051693335319433313
768 0.047330192032008153
767 0.035325244372531615
765 0.0091676623982175024
725 0.048435239553095054
779 0.50476534147226848
140 0.023520470048550887
126 0.031097360598735576
120 0.0088828401004835151
94 0.0071322169087754666
37 0.0098065348441564761
13 0.0050257831376866076
14 0.0062540731237072291
85 0.10692449986420759
84 0.016781829713522673
52 0.0083523324993262423
15 0.011155808437593707
164 0.015843147808298909
138 0.027844886964717538
123 0.10536907770726366
209 0.011693624381138915
196 0.01013039978349747
182 0.00071818223794929551
181 0.0087270699504748157
176 0.083763262963708146
16 0.023417272253167472
78 0.053774908335869578
64 0.055048925817567554
17 0.00023244645922114405
62 0.060994507619592964
19 0.023789088712648732
18 0.010845539142358425
83 0.10194574536483618
79 0.29956478140268
55 0.024700011961751141
20 0.033477182287043106
75 0.039510848294045248
69 0.11850653179499335
68 0.031811595680001394
61 0.019156565733166937
53 0.062034263191757526
21 0.014581840777569122
72 0.027269738186655481
71 0.027515039117912192
43 0.0067332959422906251
22 0.0049452629616134327
93 0.40990185273254098
87 0.041455578732478161
101 0.0026090873924109518
97 0.039043350212686033
92 0.10165975166962
23 0.0037089826796921368
73 0.0043037211850762537
106 0.00018315857505018246
80 0.035045131948193718
26 0.0029139769557639463
24 0.0010240667184316164
25 0.0019963482373544388
38 0.021553701459260197
27 0.020657608109326396
128 0.017130059401182392
119 0.0072998383124773993
115 0.048483342674058169
114 0.032953247899813
111 0.0032761466366870626
109 0.038383052010725081
108 0.016567741553418478
100 0.020289697897933511
98 0.12921997342394403
89 0.28658399925687
88 0.040989832157336356
82 0.71780600514666681
44 0.85140073874254341
28 0.74722358285805834
45 0.060268513507770384
29 0.056640777234177639
70 0.081484545833992977
39 0.023476693471806035
30 0.030187032711421966
65 0.061168568092902359
31 0.031329483706991484
81 0.13869436143287675
74 0.077470926996473774
56 0.071952400906121469
60 0.18961978528616888
32 0.38779300492111785
48 0.61619246033298103
46 0.18278673275007978
33 0.14134135045699134
90 0.34195550257258078
47 0.16388806870070874
34 0.16569618444893433
57 0.11857784673062922
375 0.0012831459012701348
343 0.19059867338175421
325 0.15519719219920286
320 0.11076776372389897
315 0.60586945894912925
314 0.22219468950828622
302 0.075217475956204732
298 0.093403640073946442
297 0.045988496968088849
283 0.21104489752592459
280 0.26736019539307015
273 0.64570574213800946
265 0.55660161987124579
245 0.81195337162632775
242 0.097822065164170621
241 0.064076270202672939
237 0.77104401723319926
236 0.42480282124779994
223 0.12249332644017558
204 0.39971718923900496
180 0.7045915535770505
172 0.51628238237499324
169 0.15651457717246378
161 0.0095036707517267369
157 0.0091069480175186152
130 0.36368496082118751
117 0.63141659456463639
103 0.56663849329785876
99 0.13770871057864981
96 0.082157470293371587
66 0.52613478219582321
58 0.5644948840689904
50 1.0828409991945673
49 0.41920164270292165
35 0.70587323265194557
51 0.67719848061850108
36 0.77641877893738986
935 0.53375793910905833
1900 0.11679882300138969
530 0.93897129723162254
1787 0.20529637701222511
1744 0.60746788439278732
1740 0.25200712892716182
212 1.2406995862377777
259 0.75554493643103027
217 0.21783759020799315
216 0.65111265837364696
137 0.65833143472108802
59 0.78407736776395109
646 0.35660732231025916
624 0.10322405193830929
549 0.71907149661053615
518 0.87341742760494079
487 0.68646352409602807
479 0.40999324345433408
476 0.33799614206602724
462 0.79880571473688022
449 0.75194571208276606
418 0.68137498243187156
383 0.67894577178412407
329 0.56238799174914
324 0.47940653580882941
869 0.69695260470569043
829 0.69023726133602004
627 0.7102522185916631
1311 0.027580120811371341
1290 0.14484351146622562
1279 0.050471154848296548
1266 0.43657835488599256
1247 0.036793394887330723
1209 0.26241003704082005
1195 0.12033869432044654
1173 0.44982452430143555
1158 0.52274506947639598
1132 0.048640158231861463
1119 0.40944209173103263
1111 0.11385337874042932
1097 0.2035561101617549
1087 0.040368900314518417
1042 0.22007971088744396
1037 0.42778191539615362
1036 0.17666057306314084
1010 0.031194732309029822
1727 0.15980889068177054
1726 0.065981868807984637
1668 0.12774144591297265
1644 0.31061894986322952
1611 0.035671705453062579
1572 0.055997758107513514
1571 0.04989028633386873
1559 0.11381272194827344
1547 0.072062916240038646
1535 0.049589463468559948
1528 0.46983324312057606
1520 0.029753808214522569
1495 0.08326307222619464
1457 0.61258513542256032
1443 0.71303241061885381
1420 0.11907714495096686
1387 0.13887896756893531
1371 0.41489356736192085
1369 0.082366798642388647
1368 0.073857347624995059
1352 0.058182885584972713
1344 0.38332811551964602
1343 0.05598736044477344
1337 0.16579377566899575
1336 0.17516960517634025
1793 0.52867558632498668
1892 0.01599410129248794
1838 0.028539041285358887
1912 0.0071706356274649791
105 0.068157116408065502
121 0.38889873954630089
110 0.057222424240765533
95 0.076358802331890879
91 0.098723070110424582
86 0.62163833371896904
171 0.24296710333099147
258 0.56215764291863257
149 0.76893838309572538
143 0.722051227545356
160 0.027187734138324919
148 0.091830539273140499
144 0.18722991274433493
167 0.2375383640215154
233 0.77363825352802507
208 0.58798157074960533
199 0.17195322675033742
191 0.090302051906690717
187 0.13183003884383102
252 0.036267660310538422
238 0.45550481056492415
227 0.02131972234491333
222 0.077452360677631796
272 0.28219834472308825
264 0.60882033988652717
263 0.32260074512580994
261 0.26151356688254007
250 0.089808841618495949
246 0.41225249677587211
243 0.28293574567599078
388 0.12699791590957751
350 0.18234392853349207
338 0.61939893430661952
366 0.22674952589579916
353 0.41282307664579759
331 0.30846818653257119
310 0.51861341843150321
277 0.57205280049522989
116 0.031704674352520008
122 0.081020822178373225
141 0.020850206789618773
136 0.016338243148130375
134 0.020643396299654275
133 0.021058792724178779
132 0.028847998510202241
112 0.011577041782592083
113 9.5808734644712175e-06
107 0.037540805165574787
102 0.028222862874384774
127 0.090690200573200347
124 0.013528542622429047
153 0.058729395360734057
147 0.02020964052155505
142 0.049754338591684266
129 0.10024903912621345
131 0.048976837756091657
156 0.27853680741885034
151 0.040039984127845436
166 0.069157205034969471
159 0.44917503312155649
155 0.17645453722914708
154 0.032596253398885972
152 0.023804625907102556
165 0.031743783592849975
168 0.028649374492896919
162 0.021033668271035554
146 0.091809996492174889
145 0.060670110860538383
240 0.016486171408192137
175 0.067163150993001894
174 0.051691079464390464
173 0.10164932838743017
170 0.75890150184103611
194 0.027248731742668755
185 0.064946068797312892
178 0.75825011574339074
163 0.055530880275189064
186 0.11381113422900142
200 0.15185115241877581
179 0.044448062079462856
184 0.037401876647454889
177 0.04570255477512624
197 0.0010490482046214707
190 0.0030153535235086992
183 0.0426635878888868
228 0.015056979664314777
224 0.0075719606707685084
202 0.010434327496757769
201 0.0050824107240233828
230 0.0061308915820041943
220 0.041264791982562249
219 0.12375853958775494
211 0.057386640240654582
207 0.030886676702592496
203 0.023771182303578463
198 0.0080079173129457022
188 0.0013752038554654153
195 0.047681506291898927
192 0.053298273925578545
215 0.011436234515590381
210 0.0070715464984871671
206 0.0044269573785039899
214 0.026982937251788856
213 0.010351949549863019
232 0.40258192067902737
225 0.10914387606219096
221 0.023589287056487156
229 0.014269583812219901
218 0.0076265019002045176
248 0.016723126789852185
244 0.016153216125943365
231 0.0061226527725201643
235 0.095351455245561864
234 0.032071976732299848
376 0.0159490397602201
336 0.010838772961455946
318 0.0069043596048279469
317 0.014917324585136574
301 0.015216671101467561
294 0.0053071969844082191
293 0.0071798648562800202
286 0.0066344285937095255
260 0.01065683138518418
913 0.046911969339613044
903 0.022320023705471426
898 0.0048423901426057599
882 0.023595979161747608
876 0.42736268419107382
866 0.17927033458101685
851 0.20860881823034463
810 0.57920213505155138
792 0.055392535085658494
791 0.30281009983185198
790 0.080067856735661747
785 0.042224687327729098
784 0.45976097571364544
781 0.42504749468127428
775 0.30705771114274882
771 0.035471510008950068
766 0.2417325941411512
759 0.41676419467654174
747 0.43152791320143319
746 0.46333606155965423
735 0.20884915881135205
722 0.030011016520001651
695 0.058870994744476123
687 0.089516453872663646
673 0.077920438393668023
672 0.11421033942245626
659 0.079203398543437234
645 0.07471789041758474
632 0.096444494875276218
626 0.062066871199948533
621 0.67923229405152119
609 0.60702520203265375
607 0.12812373398160107
605 0.00013725924919754173
600 0.11024438436587783
570 0.97001815512979206
559 0.23907956190405377
517 0.15915259164748663
416 0.23886939060302573
413 0.12579199467066438
391 0.076062352368676187
387 0.42766367824420565
364 0.47628110627951054
352 0.13866713885107262
1015 0.1769343980823895
1008 0.47443041756233995
929 0.16968598939505597
925 0.13127448417148166
871 0.12934632786598402
853 0.03333359656394403
850 0.084175293322804656
820 0.20171692745110545
247 0.1046252302198548
249 0.041152472116838604
271 0.13051855266356213
269 0.45012329586388444
268 0.078436102065170488
289 0.007211936324312637
275 0.0058677124847307926
266 0.0062418588652867315
270 0.030822477980518702
274 0.17480849118705108
262 0.019369239253013426
285 0.047824971493198941
284 0.0054858977202313823
267 0.42003421415336067
288 0.030681003124803319
287 0.58330876311841939
276 0.020469153071209036
305 0.0052235140168067247
279 0.00030992854716277636
278 0.012317354917159117
295 0.0048010780185307285
307 0.012012434770112278
306 0.040462598785499508
290 0.0096159228538778372
282 0.21168431815426983
292 0.39104648843406936
316 0.041688624178861967
312 0.018194854577769572
311 0.05018785152268368
303 0.079955248882454699
296 0.1100220381445258
309 0.34280061027068903
304 0.55960213545212867
412 0.047030262957256985
407 0.085640639758974568
348 0.29905785141462105
323 0.077867332521984994
322 0.59160275886066283
313 0.58977702975911961
291 0.079077440016507197
326 0.0071500631146179565
319 0.00050032723277697051
308 0.0037304348157218745
337 0.086971760235808077
330 0.12754931421977894
327 0.036421583819715178
346 0.0520320265126872
344 0.076019744396277608
342 0.0045552603640621305
341 0.029102174949267135
340 0.022636415788649326
335 0.025616077367580658
334 0.015904391780481454
333 0.013131454385882611
347 0.081977725767919854
404 0.11972453927181878
401 0.25118604916994719
396 0.33599972872341599
390 0.18007905227072188
385 0.13416370468642885
368 0.081159092600638791
406 0.40202370143080235
389 0.18107161419286832
377 0.078785817814003387
410 0.10148750080720959
405 0.18578995498897519
465 0.014599486413682722
460 0.019663746106064986
437 0.06959266438447978
431 0.064547111405005395
374 0.52974963908398309
373 0.50468211940735297
349 0.32734786602786003
357 0.10615006418257456
429 0.034521182886735308
426 0.090692353470746223
425 0.012884152387453579
419 0.39204523354986526
408 0.16749424977554528
378 0.026433593258151939
362 0.13520933221839465
359 0.010997998416318627
355 0.010621481975516949
332 0.0059494084200303167
339 0.0075266991493719492
409 0.45560982051863025
402 0.24677603439024806
382 0.5525793320232234
510 0.31583571683749823
499 0.099286734524995757
461 0.10222785764431286
451 0.068090065380272152
440 0.14526588768264598
435 0.035718609248970225
421 0.033813355771013395
415 0.3926325780585036
417 0.056634303349513859
414 0.00053884088223713519
438 0.098262831793149749
436 0.44086545889504453
361 0.015113745718719956
379 0.053814917896706282
371 0.062603494477435823
360 0.46634380120930657
372 0.0036410357661714721
365 0.096396345462598676
363 0.062035658007294707
433 0.067513136042105265
432 0.051199690252692547
420 0.089238452083167205
434 0.014797959499492945
537 0.046382284131762923
534 0.01860077527480997
532 0.011478279425831768
512 0.042740116815390701
507 0.019454601783447021
488 0.074947288085339292
486 0.0093459711812223078
470 0.014772597915249866
464 0.044689007692671402
463 0.072317371293482841
454 0.0074481714308445449
397 0.23242281017867603
394 0.51051715619654847
411 0.082279952851976076
508 0.13354340660599523
483 0.15330002171098467
481 0.33395991977562667
442 0.045554946533259602
441 0.070384695731975824
439 0.047495273268057893
539 0.047260830336675219
590 0.034045174344428317
586 0.72788208908746532
550 0.080685156368668312
525 0.046647560263685946
638 0.75945750680345481
633 0.018853823348390267
603 0.02322593281256324
587 0.8335526928211443
620 0.014204254307276964
612 0.011074460070275198
644 0.022027550420085223
710 0.033380754002743818
757 0.46171211439165621
745 0.06276855302603522
762 0.23202730664815813
750 0.23523078583336174
835 0.21553785320960939
800 0.15731636211233002
793 0.069368586017143213
786 0.051265753943608279
787 0.073108594278514419
877 0.11513913265146404
860 0.04162199089936567
859 0.059490727605811269
852 0.057864759666393463
841 0.11712921705946651
833 0.10677623759560834
803 0.48631435766536985
799 0.014624266913862967
857 0.084046338372771756
823 0.45881405013568705
819 0.010886913870674893
928 0.020357980222035534
905 0.034959748480082965
899 0.014701928104562506
867 0.085435565549025025
1089 0.050862091933715436
1081 0.16552176732770052
1031 0.051567296238226354
1029 0.087827731843774168
980 0.56213413425585756
973 0.44193022530117054
969 0.039918027539257966
945 0.22559439172222076
927 0.030563257320877831
917 0.043082347151026434
886 0.11944594952153868
865 0.28093080543611615
403 0.079718319660687348
395 0.32854031848331117
472 0.040045923948466476
468 0.07101983514080204
452 0.033831411960446062
400 0.28579189636101482
398 0.060653409976731493
392 0.044199495814285408
393 0.074165112705477654
399 0.11697948319510967
447 0.042876979639207398
443 0.073116817134567996
430 0.42455250242767828
446 0.039123667726203196
445 0.066594688674138564
471 0.0053214919997068436
519 0.018703031334860183
496 0.015682484757821392
475 0.025742351369356684
458 0.0096854017331141056
453 0.10015475666651991
444 0.15264389010083818
515 0.02074041488872742
504 0.0815380587716759
485 0.010718285716120088
484 0.070291990855294292
466 0.05171512114416859
455 0.025702207722946725
541 0.012293704799938533
522 0.043650362928093982
497 0.045682307183207344
478 0.057376187411079277
459 0.034981933879733494
506 0.011856449396700096
448 0.070776266058268117
477 0.044821340678230542
474 0.39658914375295795
480 0.0063413207794101641
503 0.0079913946437522535
498 0.013946763739738447
490 0.016454268967082766
585 0.0035831156534270538
578 0.004346297898881633
574 0.004810616657402394
531 0.0095880910245191176
456 0.083609947269152496
505 0.040048592865950215
509 0.0087513353819754936
494 0.33009729398788867
528 0.0032430953659080713
526 0.014618566255534328
521 0.22207097106705825
544 0.010834030403730679
538 0.0082161848743631128
516 0.04610911223621314
511 0.032949264251122039
533 0.043599524107226194
492 0.059795727620310733
482 0.17811907147840722
584 0.0062352541751463913
552 0.00041025042962023275
536 0.0069121267597484085
529 0.0036073685156417443
523 0.0095936220148001936
513 0.018991165296396863
783 0.039509094133313438
720 0.023025974572040916
702 0.035215197790292807
1065 0.026363240984187773
1062 0.024650505700251794
1052 0.047070532613229736
979 0.39765932493319089
976 0.21581268569556181
956 0.016896096671852129
937 0.022714809250335095
918 0.02676836132494631
883 0.56919177418010469
879 0.52992745218237114
878 0.011364563321086242
874 0.034317798545616722
861 0.007006635577369226
837 0.025320133242368821
834 0.044102536399046606
809 0.037686444307562385
782 0.028424989240538327
551 0.016989828128006576
545 0.013495010026023185
543 0.004583726023701354
535 0.012489607040856408
489 0.001892089949566867
491 0.048337294980015537
514 0.00019203880664406503
560 0.0055030540206340529
502 0.0097929009012709504
611 0.010527251059020054
602 0.0037753640567626907
598 0.0030522658762879218
591 0.0040730632178000801
573 0.0098157504492242878
564 0.016920629669462128
592 0.0020682675913231809
579 0.0037499115129084474
619 0.001048724305798785
524 0.21206682656909334
520 0.10085514470780904
540 0.17346732118611363
583 0.0038432307216245206
577 0.025122080274328818
618 0.0043468312244062685
608 0.0047441986534905306
617 0.0043639961357884111
610 0.0036265708989360523
601 0.052574691102707363
596 0.090985605132698946
593 0.015326027974377526
589 0.51987852697916548
572 0.030658344224734461
575 0.52683949623112336
653 0.066288623273966271
704 0.11898351990327248
669 0.073115773591613198
749 0.10772550564412207
730 0.077130724335686449
565 0.0061384941175972015
557 0.01673964328088666
553 0.0067069711090720022
546 0.048596219320751061
527 0.014873482509599538
542 0.10946937430309354
678 0.053634616383131987
668 0.024081965379271514
641 0.032699288690556515
606 0.01654038872137948
597 0.0057749720908155085
563 0.0092373628540567965
660 0.065304253124139275
642 0.013648778491561923
637 0.0075075830829614675
654 0.026667152839473705
623 0.2185978715150638
615 0.47625822620306746
677 0.1748722992200144
670 0.034859416447901026
628 0.11196689436084964
616 0.074554083905375518
554 0.017796238042266717
561 0.011810062353539182
581 0.0080196059810462936
569 0.003903368096304172
614 0.0066468426247602314
580 0.026384455957823943
576 0.012614526637312629
567 0.39527971741446211
634 0.0052310073160364732
667 0.029101214318932079
665 0.0093076889777345892
655 0.013372372911519805
648 0.0083627319998823557
630 0.0061097120921146698
640 0.0053992823652220488
635 0.002137474744326929
661 0.0029228559827421128
656 0.0098850903290149672
643 0.0034954405933766979
631 0.0085154749870536197
657 0.018658544098170762
625 0.016395773223528861
690 0.025273786358820407
686 0.0027666068034162493
700 0.066325814998659041
698 0.031956144772367114
697 0.056697076493939132
727 0.008223707698373682
716 0.0049588691851196291
675 0.0031559944551794433
743 0.0092260112151478745
719 0.007120218193817
658 0.017153125355487596
684 0.050401893444747624
679 0.17960713238586759
674 0.062280900583574952
671 0.019691589045444838
717 0.018084452768711335
682 0.056066944147232546
664 0.042245188679509764
756 0.0835199941088767
753 0.094190662966803645
752 0.044066870701725318
751 0.0048891120152764391
741 0.43601443044775623
732 0.45160327900749081
701 0.037826079852150203
689 0.04487631960709839
652 0.0068900613694724581
651 0.01700818876438627
729 0.0099959209498901806
726 0.0082225598756042635
696 0.060852754597538292
680 0.031146225927834035
778 0.0047022215290614252
774 0.0080804975723281595
770 0.039716367896554049
764 0.0091782140838342144
758 0.0040491430115478892
744 0.12318611290024208
739 0.0059528058410789689
738 0.067130558957969544
734 0.0037578093855069874
755 0.0067399268898770846
713 0.24466297751776539
708 0.011211279407294069
705 0.0019002813861084026
691 0.11216303347887827
868 0.071152942428074559
842 0.023294323350822096
922 0.035069503756810311
901 0.069953191580471391
950 0.15514147916219845
990 0.033651481862761651
975 0.36957636182831261
1044 0.032819022406235424
693 0.40324388276916462
692 0.16991195226633096
733 0.01780676682360207
731 0.33804110696617512
709 0.18034929794358767
706 0.45032884954101465
802 0.20719923036554444
797 0.10022456278771123
788 0.10005963859554826
763 0.088221184550979437
832 0.24056521460375488
814 0.084187904506451749
812 0.07465524594805921
807 0.056190799905877734
794 0.34592209661654144
836 0.069402324933284257
827 0.39643245151534517
769 0.097887123849337995
740 0.093801057665749227
796 0.086687368484546445
789 0.04999581603612864
761 0.046786323764715601
862 0.036934739838894531
844 0.0171290287271555
838 0.034906125920966362
801 0.076731431533483066
728 0.080230092326288804
718 0.58014604038614048
715 0.90948633477952034
714 0.012527288970130722
724 0.5575196281764091
904 0.13045133290711766
932 0.014309962764467362
921 0.0058116437644949465
880 0.015728909755480983
964 0.01119719769098816
947 0.0043643366538299987
963 0.18170308138833208
1104 0.025987895975641485
1100 0.018417347254169675
1077 0.021482174729950964
1069 0.014239147643771185
1043 0.0062400215841571819
1026 0.0094186014252953375
983 0.0079094046193934273
1161 0.042516273949637834
1154 0.012899241330889349
1093 0.029396493519570698
795 0.19322456214906589
780 0.6740047556951565
773 0.29333343148461788
760 0.52001140842132099
742 0.073874763298966639
924 0.052410390310513158
881 0.094801496654435186
872 0.32729965518239079
858 0.037747322985668533
830 0.030020420407534752
817 0.038742255580390551
754 0.066553557514059281
864 0.040031627497637869
849 0.040035517293006591
737 0.11934502237274662
811 0.054748061303333546
805 0.072638040938035747
893 0.613237758332001
892 0.61143399382223163
888 0.59669063150653978
856 0.1205708400798606
845 0.20282395889764238
808 0.031731968079538257
822 0.086947866518975583
818 0.16361408685793091
826 0.031318486920288185
825 0.013377473994606853
824 0.0082989526263304789
806 0.16404075434058382
840 0.32104276781389429
839 0.37148656847541894
821 0.11595863718482517
875 0.0046722331593039542
854 0.025720214040818659
831 0.015414334242821501
1032 0.11381100761331921
1027 0.11808843522103334
1019 0.19895429224863628
986 0.052365194808787291
977 0.16475881243734788
972 0.056396576459556813
959 0.069099105922976953
944 0.033783946717521593
942 0.089244337130491333
941 0.097129728309317986
908 0.87740161977054898
887 0.042489855697428365
884 0.10045985552972279
873 0.18534356461760065
870 0.46558718084108153
891 0.021097461965605895
911 0.016527077391812587
906 0.024520978980890284
897 0.013555294637659135
890 0.011433678546815798
798 0.050688514884436264
815 0.026996455489035332
813 0.044195811986191942
907 0.032162143393322948
848 0.032621056349062677
828 0.067892559142998826
902 0.083498953307085455
962 0.0061044334376378784
949 0.033036780919769138
946 0.091522724678777811
966 0.02394233346005668
958 0.24813264539116534
912 0.07513367727980115
894 0.52632482819144688
816 0.17428512078439984
847 0.17399824752336607
846 0.028169184415224952
863 0.27851559155173805
885 0.47916621434089685
843 0.0035110568950832946
855 0.013998822473704852
889 0.063906870894814796
971 0.15756683564192028
931 0.069650215127412984
914 0.082669926568720714
900 0.35862924296398641
896 0.11987023511702938
895 0.55489362979005052
961 0.23963272300317279
954 0.086039198898636704
948 0.42949074908752116
940 0.24571168541744293
920 0.18910247220009777
934 0.10539734142849236
943 0.063169658156439282
951 0.026251396611382333
910 0.0042415020395398734
1012 0.020711216636595503
1011 0.0078209128377076994
952 0.006516846450016836
938 0.037732270811878806
923 0.031969721235924425
919 0.034205609082386818
960 0.30185607763540989
957 0.10123753955778544
1004 0.57599975514477364
984 0.11629361781377451
955 0.1288526659767994
936 0.21890367510936568
916 0.26203023354133587
915 0.54401550189942327
909 0.51842979114570453
996 0.11637089799879607
991 0.10939272970996192
933 2.5698964456891233e-05
926 0.13844404386925291
988 0.11905760862634333
1002 0.0077588484689044461
981 0.017635069166349396
1072 0.13593388883861399
1068 0.46989222895881955
1050 0.31132825355752874
1046 0.57693619192072365
1035 0.20098030422718841
1092 0.011044143866909408
1153 0.037053310803484757
1130 0.034732648795275212
1122 0.021730369898465007
1113 0.045414405358151694
1086 0.017401834198403455
1076 0.016057050982599561
1066 0.047253186967447063
1064 0.021560596961037546
1030 0.038463729604426261
1014 0.019974543696518948
1168 0.055056093157390261
1152 0.035974468714156008
1150 0.056875834235630855
1137 0.022185919983856713
1112 0.030637973431229874
1102 0.052309738391753513
1096 0.4372806097517094
1085 0.11423654346090376
1231 0.018508666101962161
1220 0.024698860339029367
1143 0.010136991992843345
1103 0.02117281308119702
1005 0.0994854256024474
997 0.049245736362625969
982 0.45021275613242351
993 0.009480505142924275
989 0.018670036495231006
1003 0.020634418410198519
968 0.75062391200123335
953 0.11528124191536959
939 0.88831094589844739
930 0.8065623946732704
965 0.08776817199238264
994 0.041042078909498569
987 0.036447496690652906
1020 0.29987191629538745
1013 0.49336988853346075
970 0.097889387252991705
1083 0.11624947724501554
1059 0.30994832911147197
1058 0.16942832982290809
1057 0.02592331324643192
1056 0.74110235134230951
1041 0.75101012182853732
1040 0.3827807577313394
1133 0.49973364969908868
1124 0.21836143271492117
1117 0.020977122115811632
1107 0.0427748907062706
1105 0.19960320133519252
1094 0.10979267002201863
1074 0.095166887820901228
1067 0.039549670223299235
1038 0.023471687184494626
1009 0.057398346702436258
1045 0.17080763509765368
1147 0.028896651429917309
1145 0.12796720673310849
1138 0.35535448722976792
1126 0.65771227345486338
1115 0.65293959945073432
1109 0.06882712976008741
1099 0.17813878773535913
1088 0.62367144515495054
1079 0.53916825729699436
1063 0.13623706786306916
1028 0.040494796884380152
1022 0.06057289590760763
1017 0.054833539757102513
1001 0.024185649653618895
985 0.021841278372429357
1060 0.10474378868534129
967 0.10406123417517177
1047 0.037030610363387451
974 0.091568193436131526
1131 0.014739018450606906
1110 0.01014752398593383
1073 0.030782462127065802
1071 0.038051381853372541
1051 0.0096249890116711038
1007 0.019834059981344
1016 0.026577026781499608
999 0.052682492391630892
995 0.13738413563501106
1075 0.12295422669920258
1080 0.2010192183733728
1023 0.0055129694449803984
998 0.061055818989210184
978 0.044483008437509623
1053 0.024394070947792196
1078 0.032352896067566445
1039 0.78343694176761736
1025 0.28461913962225838
1000 0.56704803160576922
992 0.24999521678900957
1006 0.48692014821699942
1172 0.022275665912423186
1169 0.17689775285401621
1164 0.028365401671376869
1159 0.21087730635575253
1157 0.018528682896741581
1436 0.40001826775601695
1485 0.31259621285701789
1433 0.2074908516692624
1527 0.28236156871747253
1490 0.25764858094431409
1525 0.17280132922832225
1509 0.12613017966618664
1508 0.10859493231633886
1501 0.57323841487436145
1475 0.10148015318740065
1455 0.058128709174120351
1514 0.21334881941936581
1494 0.46421948245167033
1471 0.2369101783785007
1434 0.35600918848463214
1515 0.4456782466530419
1541 0.14254137563283106
1449 0.21106461516720695
1456 0.18472349603675378
1461 0.54963436441488378
1442 0.12725353808868387
1438 0.0040468055697532104
1459 0.31461532918977358
1460 0.062977232861198773
1451 0.095513946312903775
1441 0.098509556386898109
1478 0.53343899525517213
1477 0.088945326429920729
1452 0.26437928822198242
1512 0.17651166557462336
1488 0.44539548901504539
1506 0.13035630206323909
1466 0.043580089882746031
1463 0.42362633081414613
1444 0.076764810178182361
1492 0.12422013433844693
1470 0.12876293211395773
1481 0.55386105524990348
1467 0.33981956765974192
1446 0.14786956633624387
1479 0.06942524710188247
1476 0.51569378849573855
1447 0.18168400233583223
1516 0.50086656645739946
1530 0.24845332163970402
1544 0.47115847830856261
1464 0.10762812551773053
1545 0.11926022694603779
1511 0.1260436604882248
1543 0.064631417939421051
1539 0.011847585831318851
1505 0.39662643593056879
1448 0.050872955486682532
1625 0.28158519220599293
1612 0.072703572423100785
1596 0.42753391454167028
1595 0.079594019480558775
1537 0.018448626993383902
1531 0.038807477540338989
1491 0.17800364702969482
1483 0.04050586478641751
1523 0.17599319402269253
1521 0.14317376493429082
1513 0.16094394626778122
1499 0.10113136539794987
1657 0.06605715167996494
1635 0.053128315062075861
1607 0.03945173429180901
1591 0.054286279076841165
1576 0.083296907417045984
1555 0.136096441539511
1532 0.2352802476476121
1498 0.1414075190287131
1484 0.22515504553176605
1546 0.21543972734641395
1493 0.59644350572802496
1507 0.75626143472061447
1496 0.71340178478856753
1529 0.69921591447542453
1524 0.070614261651365862
1497 0.095449151759663453
1608 0.06996002886341425
1587 0.13668146337154891
1569 0.3039690412636768
1540 0.77662654756117688
1468 0.48584690878034009
1565 0.093946879662828664
1558 0.22735117865251947
1487 0.47374088516138652
1659 0.14194094553409037
1650 0.11432392300241628
1633 0.063933850944073556
1621 0.056623940832359457
1588 0.15622062431163303
1567 0.52132683560500004
1771 0.058860401145462753
1760 0.094475226361659365
1749 0.05276083285452246
1733 0.041893437649872897
1711 0.097301319839816658
1703 0.045306565257317952
1700 0.12937292496301803
1696 0.024793019802437918
1693 0.022362949454345613
1683 0.018139382011717817
1676 0.052479803858892005
1673 0.031888905688815722
1662 0.043881115843897006
1661 0.031817377046879175
1643 0.033338709880866853
1637 0.031085513366125667
1636 0.028398430534215563
1627 0.19990279742375727
1606 0.38261479731231568
1604 0.12602128962091319
1603 0.10411852269543569
1602 0.061754831259889467
1579 0.098903275338671173
1575 0.066114368173472285
1574 0.2324845614863848
1570 0.13307394330211267
1542 0.040060345282042477
1577 0.60520538070241436
1618 0.080941240092713723
1550 0.18637108105242142
1585 0.18010688992345825
1573 0.48060295416462967
1586 0.33595718313733519
1562 0.068008273283548915
1536 0.43447144264121634
1553 0.45438808201727487
1552 0.036001391618125898
1522 0.057437841971671698
1503 0.1760896586335535
1489 0.13377608794575105
1584 0.027371369869028547
1551 0.030653663162368793
1580 0.014070187232296357
1564 0.010788125230692665
1517 0.050294845564737525
1549 0.044189416256355217
1578 0.36629155287755299
1632 0.54661340882397902
1590 0.12462811245266651
1705 0.43070723435666247
1704 0.31603118623631504
1692 0.18913457944715184
1688 0.18872262552974053
1669 0.52637245439102109
1655 0.18908902308959463
1654 0.44942444847929286
1648 0.22139733350766991
1639 0.056965857014517715
1628 0.19424828956664594
1615 0.40418254539049508
1556 0.72820543395368387
1548 0.53215876799749029
1533 0.14128415240903602
1566 0.66340451611292584
1620 0.11495121756558777
1600 0.16583593411580816
1626 0.03943023397239559
1605 0.6902518268997534
1687 0.49789372492216039
1685 0.10480618746156972
1679 0.09704067634518157
1677 0.1630708788373387
1656 0.13271376583412947
1583 0.52207184034505005
1568 0.3370363125629014
1554 0.13178908516622015
1610 0.22444706683898757
1609 0.099018364828390465
1592 0.12672324785146102
1593 0.55079269222537286
1563 0.55344873587617427
1526 0.18097509470838272
1645 0.086443020970651777
1691 0.39785405850016309
1686 0.19187232127057749
1663 0.12603802389774338
1634 0.030039749040485147
1667 0.19594997673736483
1737 0.17343602434340447
1708 0.015683776837921801
1761 0.075009053863427946
1738 0.12742202561830357
1694 0.16547144194778296
1759 0.35411755052704735
1736 0.15978401318466079
1808 0.16861239664258229
1826 0.14619208191355992
1809 0.061839083309716991
1784 0.038721644654851152
1783 0.017948234884004027
1820 0.087177323317977076
1847 0.026514713130857917
1846 0.03599006651524099
1837 0.025138870762802086
1829 0.024002321740105633
1597 0.016297182663194149
1589 0.013669034874277296
1561 0.028592721810534932
1534 0.077409074340973757
1619 0.038702058881315261
1735 0.047208736153532015
1720 0.025044198962705769
1674 0.14636699918659757
1629 0.090994284400790465
1616 0.1785225169496486
1613 0.14845264942415706
1721 0.02269773083869734
1715 0.04692833934355195
1707 0.057910061600691246
1702 0.029469849495231314
1671 0.14260767255834259
1670 0.04840355311769344
1649 0.052736918850825341
1582 0.20351569049553159
1647 0.095439049437336387
1638 0.1325330342363075
1599 0.18184862888230729
1651 0.11790741521024727
1641 0.44374933142017609
1623 0.042819568304004532
1601 0.57195716374119254
1581 0.55340143973795941
1646 0.028655378072464526
1598 0.012560922768533187
1675 0.036921097541946397
1672 0.30692959542706894
1666 0.084544149068704874
1681 0.13388545420767431
1698 0.49441720125230154
1664 0.27199289751859956
1653 0.063540974097351793
1640 0.078975272263583682
1630 0.61181228689958178
1622 0.072658680822858993
1713 0.023637761906021376
1594 0.076685693657864804
1680 0.036703037778378265
1658 0.053113527177480399
1624 0.42190477425437212
1617 0.056183144192608822
1557 0.011612754397063475
1684 0.016582643696825161
1652 0.018547657427360278
1717 0.1940934165558813
1725 0.01252462664684119
1716 0.061902561139147487
1614 0.023023796945748035
1631 0.024274663533678343
1660 0.067125221376033425
1642 0.10261533279305235
1682 0.3440437175378796
1734 0.12610795515783252
1730 0.014632706546404571
1706 0.14058508988453011
1665 0.10297122338795776
1836 0.022376207167274897
1828 0.10882741816204392
1802 0.096889997669990929
1785 0.29602531951841787
1765 0.24333041796398874
1699 0.49174950695181263
1695 0.1596481320864474
1766 0.013671096071294362
1745 0.018615068270918175
1875 0.012657450284464789
1804 0.11969327663364297
1800 0.011395039480556052
1709 0.09548291628009864
1710 0.52936532495137356
1729 0.20286227699074455
1714 0.10251552826613766
1756 0.11446417849947413
1754 0.073616559845848611
1743 0.42526022842815736
1795 0.090311617614274919
1791 0.12439209812750644
1782 0.061014222786848371
1781 0.089775855008187078
1778 0.045606778403454895
1777 0.36226222910720729
1764 0.054404203871318203
1763 0.38181162155612541
1750 0.040030306022974256
1741 0.091605433790219223
1747 0.062566778288627001
1697 0.048623908377711293
1678 0.13334964533093641
1689 0.044634438810850267
1718 0.51913680687578401
1701 0.12483107838538755
1728 0.5035124703765359
1799 0.077964254491066518
1798 0.36576699124511319
1758 0.035724559047225893
1748 0.064586249545916297
1731 0.032960547726085226
1722 0.015807091651743734
1712 0.022987727135116993
1690 0.099698140205162586
1767 0.014295764033288921
1762 0.019873329654463579
1752 2.7870939686001406e-09
1751 0.062063790503634989
1746 0.18605379782328182
1719 0.57069509720086775
1724 0.74293351532922447
1857 0.095228550397064141
1851 0.1078273432671471
1850 0.072364570759450603
1834 0.40101512382048382
1807 0.42895665194403387
1723 0.12293555934859668
1742 0.10711837357350028
1775 0.050815589127107853
1774 0.10803100474745622
1768 0.15079853099855176
1755 0.46668019163833574
1753 0.15041966247650379
2041 0.29837464312348849
2040 0.097705654296727104
2016 0.19480793252493026
2011 0.42912363005792986
1998 0.11859028193766452
1990 0.13445806924879433
1982 0.032899913765225934
1972 0.24999903863348705
1964 0.52050724171229779
1951 0.093428149856581044
1948 0.12916230253309474
1928 0.42871698192094676
1917 0.054175916908656814
1915 0.42719044659836125
1885 0.42763988007862186
1872 0.11581689683866991
1867 0.12145295584122622
1862 0.076554158171726047
1831 0.13651777796604694
1827 0.39891938258692966
1953 0.1440524159387333
1899 0.1109271340071378
1888 0.10323145018991781
1882 0.16716540500379953
1876 0.82837467520659513
1739 0.10313652913771056
1813 0.15515533764896028
1803 0.030650898284859649
1854 0.054230561661106708
1821 0.075312490730193485
1853 0.10092701095346623
1833 0.038716247358434444
1732 0.13509493860219379
1806 0.089962806877740567
1790 0.27574825189313712
1770 0.13788598140888156
1757 0.21681915923305747
1866 0.053886275060193375
1845 0.038744941585604924
1822 0.2311934630900056
1812 0.08951708049846728
1855 0.54329910094582645
1817 0.22978089369144794
1818 0.52521015812445804
1819 0.52180057717559369
1786 0.0098061108887194867
1772 0.011303102585271915
1814 0.053697612830220606
1796 0.041474579804621166
1816 0.059043847189086944
1792 0.073985966715260656
1769 0.14219313368090619
1879 0.36814071603674153
1842 0.043693818109199645
1896 0.19619402340501016
1871 0.16094381296129082
1823 0.041685713272877477
1805 0.0358749136783535
1776 0.033588429439909237
1779 0.19414238395426556
1920 0.42816629856750898
1889 0.085185880699886182
1886 0.14071635501678081
1863 0.016280716194428016
1825 0.019261991351729738
1810 0.024740305399434472
1797 0.015741825204107607
1801 0.051819806849705045
1780 0.085494766161389762
1868 0.096449671375893872
1843 0.037700554538961512
1839 0.12206539493020858
1830 0.36154625899851883
1789 0.027506706210621051
1788 0.016794650902780758
1773 0.027753840634184013
1794 0.010063641180755473
1958 0.05474672562813792
1955 0.2579575873699988
1933 0.048535251289406119
1874 0.35473845691012063
1865 0.14967978852466182
1860 0.0993206736846938
1859 0.072576740706864734
1849 0.067434925627317996
1844 0.05872315755716101
1832 0.017920559554215811
1815 0.022955498175515045
1848 0.22882892128925666
1904 0.21865310852638498
1895 0.0010625299865900232
1878 0.059449578658265792
1870 0.12319400756933183
1869 0.10540245890750434
1856 0.057871680558445049
1929 0.16807493860940118
1903 0.54719537736820056
1861 0.33129757162455908
1858 0.11019087112318922
1852 0.086164896743384525
1840 0.066279807605456015
1811 0.029001420522277919
1841 0.04398400621678563
1910 0.10157706063106606
1902 1.9432876480864796e-11
1897 0.034638421113540825
1883 0.1015498664336615
1924 0.11372502918385788
1911 0.012840721580124526
1905 0.14172938280546288
1921 0.20041736082861561
1914 0.037865439580510724
1901 0.020112987527004529
1890 0.016216776523969717
1877 0.012493558948612491
1931 0.03765671960458037
1926 0.2788024220350882
1835 0.10416493676754721
1824 0.46363829756388009
1881 0.64181632503196517
1976 0.17473678933261169
1959 0.1278899241785387
1956 0.062413122125343917
1946 0.17093849758397314
1942 0.00015714671383880763
1940 0.57453997264564838
1909 0.84349572401668071
1943 0.15278641167683726
1938 0.1352203942400978
1918 0.53564117409920287
1916 0.13192054434876349
2006 0.090322255797214118
2003 0.10152046600659245
1954 0.043221060503842029
1949 0.074154339864279245
1937 0.044115343282771308
1936 0.026567402026189357
1907 0.08450803315548916
1873 0.08578417620742787
1893 0.17574288080119721
1932 0.073433483101015121
1922 0.12700030009477439
1981 0.13727815481133029
1980 0.039415119675151385
1978 0.51221266061560222
1974 0.56464572239181743
1969 0.095574957956924445
1898 0.10699071744221908
2088 0.18519878192381406
2070 0.054369576610004113
2060 0.068531860250865037
2056 0.059041896682108741
2046 0.46858867805659965
2037 0.014102434199253729
2022 0.71205580385252998
2019 0.17882733851475746
2015 0.67475293010818493
2014 0.14778773795515135
2000 0.16469182733404808
1992 0.10696444897084828
1984 0.11270610237100129
1977 0.31549020300235553
1966 0.15450403720542161
1939 0.079683291953092192
1864 0.13498217640034338
1880 0.048502433527518173
1891 0.034277683094500473
1934 0.015842186946022969
1919 0.0027775850753884741
1884 0.011302542893956132
1894 0.49393045371189698
1944 0.29807510043092172
1930 0.13043133479843047
1913 0.036355785663878142
1906 0.022285734007797146
1925 0.192861738185857
1935 0.42096453762115793
2005 0.056130521109859652
2009 0.065528875306932674
1985 0.15164005245211562
2065 0.20453801875628763
2057 0.59068060379728915
2035 0.18221265920873569
2044 0.42342723635766322
1986 0.51777800006543295
1923 0.4927298975217273
2017 0.17521067201547755
2007 0.11974891191205951
1999 0.73081678456009269
1987 0.51977593127884092
1968 0.13034717521289588
1970 0.15505397841874607
1947 0.039659090844059504
1908 0.12599941435263737
1975 0.50158900122121874
1945 0.205683591912595
1927 0.62798158323993025
2171 0.21303598500115928
2114 0.1412442443643861
2112 0.52516942078909634
2109 0.7361034138262047
2103 0.19545308498853051
2095 0.28635524117590905
2084 0.31859455372080936
2068 0.16812343019469664
2062 0.077975693593749743
2039 0.25582675889321427
2034 0.27605157700619892
1997 0.56974061051959402
1963 0.29296235363227652
1962 0.12681238654974725
1887 0.57080049101380259
1950 0.41982066635206794
1957 0.071749516934662486
1941 0.10213249190323336
1960 0.38534169686182501
1952 0.037685927148246201
1988 0.11082052349762873
2021 0.12515858346534015
2018 0.048992577630637593
2010 0.018162126906950203
2029 0.35780234308534709
2026 0.22831845477878901
1961 0.095006350326376623
1991 0.40844702771591784
1979 0.15065711994846423
1973 0.17853862348851973
1996 0.10336042918223703
1971 0.12178086362585883
1967 0.11881411366582759
2012 0.056068966146592888
1983 0.082733454423047428
1993 0.58348607458577706
2020 0.23442744138922197
2063 0.22583998997951257
2075 0.0085484995680320235
2064 0.44675554898207892
2038 0.43915723519585814
2186 0.098650695689591797
2091 0.17765456320658826
2267 0.45225624463103725
2264 0.14895910780108584
2256 0.12405079591422778
2219 0.64101008317921082
2218 0.6725084050478769
2211 0.62190317499461978
2207 0.028648036190862338
2197 0.081689250134177244
2181 0.088138374085883694
2072 0.14576823091960914
2023 0.10471363870166228
2123 0.18024536342153916
2083 0.11885928791532138
2067 0.1989242397028633
2053 0.12485905638063437
2052 0.62647764809463602
2050 0.092219715827834378
2049 0.33656035704178405
1995 0.50719037595236982
1989 0.23527114299280374
2004 0.082062252041972081
2030 0.12159246435826473
2071 0.05723112738242675
2036 0.096368452699662391
1965 0.12054237348829268
2001 0.12754083234326882
2121 0.47439925353827095
2110 0.18044440734254522
2090 0.34817063881019761
2089 0.1101915816275629
2058 0.50914283866150933
1166 0.53198034222380175
1201 0.49560781331467757
1189 0.57426479677878572
1301 0.042186367818800197
1293 0.037357189002690923
1270 0.099825527831339772
1269 0.2881995208531769
1262 0.070684244213847253
1257 0.048497619442332114
1252 0.029208485791987659
1248 0.033274096725045096
1215 0.020341727349956415
1188 0.02280553314150215
1184 0.040529581487930948
1196 0.2145405158223492
1236 0.026983907506554491
1298 0.079030725810057226
1519 0.16102968195965983
1510 0.094712105677639394
1454 0.70983774163204094
1406 0.056314668831593903
1320 0.10113397135702655
1090 0.1294609518763534
1061 0.011244483760265173
1125 0.022501144919113428
1121 0.010254912928831269
1116 0.026071251091137775
1098 0.014894358875467585
1082 0.030874317172438149
1070 0.02794105129906729
1018 0.013323274003495504
1033 0.081818284062646351
1021 0.058565009546357384
1054 0.018168380083585137
1048 0.014237584360304843
1034 0.034102556464527936
1148 0.015376837421235953
1146 0.038709900850000978
1106 0.02641949670037478
1186 0.081337544858707936
1120 0.17492623992393247
1165 0.024571623376105602
1084 0.0185986430573464
1055 0.0038899811486311905
1049 0.01083567787719124
1024 0.019750165913893111
1127 0.056041385292590271
1095 0.055604487306064834
1144 0.1039558806183169
1142 0.40738174806529925
1140 0.21381135126385351
1118 0.072069638802092176
1136 0.26655407435377332
1135 0.10735802929475032
1190 0.13835361661821285
1179 0.61930157706758338
1213 0.036861921279351173
1198 0.046089890259839381
1128 0.015204592147558836
1151 0.098574356209261332
1162 0.082384504413196599
1155 0.031937779394115136
1170 0.083120812399530924
1141 0.54452443037713261
1101 0.019561934229260874
1091 0.51733193413455725
1108 0.027001730899591105
1181 0.030862755203535715
1167 0.014055655464788347
1139 0.048645190217614036
1129 0.023223848804547368
1123 0.03181442219562558
1114 0.55242133868697074
1134 0.018617241031131795
1246 0.024926271839103155
1149 0.16020920452936324
1205 0.13079343001631347
1191 0.85370579238295063
1174 0.096836859567304326
1306 0.32869810662356924
1302 0.032332434991384981
1284 0.071871673512105078
1280 0.10830360607024443
1263 0.37689092570718385
1216 0.6266509148352607
1203 0.069836335532002983
1194 0.062338432361955
1177 0.22387591785701144
1175 0.496170276885737
1171 0.097335918838515292
1223 0.55073450287476922
1222 0.44293822122699422
1206 0.080784673695617176
1202 0.11442194643700503
1192 0.023675550508377993
1160 0.031403372765197536
1180 0.024329376653823398
1249 0.031919261330815081
1235 0.022096394613737157
1256 0.0096608591881584376
1255 0.17146611720240451
1237 0.05184481781023377
1267 0.079473646638373141
1244 0.052711957257553774
1230 0.33196597504157693
1318 0.024089999014548131
1303 0.010955615428528716
1281 0.030558776228179759
1258 0.018295951891300555
1250 0.045178449684231479
1210 0.0089239707830400302
1182 0.0053574309861368638
1163 0.002722555843804634
1156 0.001175113437228929
1332 0.0086538657051552417
1211 0.018981984951234751
1204 0.0015655229307650128
1187 0.018290613930487618
1176 0.001384106234564961
1275 0.16546159766032278
1265 0.051282001385051533
1261 0.35060439514222047
1254 0.07646072626359085
1243 0.0089658680299774824
1221 0.14084647067178188
1199 0.05609962488012623
1185 0.048639820087203862
1233 0.075738098439247642
1197 0.098220537405285913
1200 0.035822020596096411
1232 0.14134962303548182
1227 0.09941005085449979
1212 0.093950788933782975
1183 0.050034265434841768
1193 0.043098528279139403
1178 0.033607300852789138
1226 0.05387244632772771
1218 0.02523116830292476
1207 0.0027243535858184451
1219 0.064386458104653363
1242 0.046045641829617616
1224 0.020495210919646456
1319 0.069869447651200678
1291 0.047186404326220718
1334 0.040069575371708514
1333 0.56204817796647022
1317 0.0090417162162189889
1264 0.64824345393261351
1329 0.0093758516159425237
1328 0.0040114761613496558
1327 0.029249166455436466
1338 0.023209215694701166
1356 0.0088086304775287678
1342 0.085183621031480819
1217 0.063742729774368109
1208 0.035130847507131954
1240 0.027651194859217174
1239 0.016355855288504983
1276 0.31394526282039059
1271 0.14356331910078687
1238 0.20093417253960152
1229 0.25353289094971748
1308 0.34896083115519527
1289 0.036155313222731772
1331 0.54510109558960607
1214 0.081131873538463073
1225 0.0093181765194036269
1234 0.014901744124926281
1228 0.067008699277083555
1300 0.12735781112362077
1299 0.02984929406675195
1288 0.0053223708099609307
1274 0.030317597061069061
1260 0.042067511617355426
1259 0.13868613678020655
1245 0.060217749807146934
1253 0.06496815618839949
1285 0.12142577357823832
1283 0.33041401377524904
1295 0.33900379588022772
1310 0.10176419272810265
1309 0.010556739792192538
1313 0.014407045318812177
1287 0.040957687123678123
1273 0.038405643775526667
1351 0.022381508864074137
1359 0.11974943419677062
1354 0.014877537776568353
1326 0.020382314171889758
1241 0.027107837344886622
1282 0.44251963697074059
1272 0.07115420346407568
1316 0.0030048835564414375
1305 0.0064878059456839436
1390 0.03363895978004023
1377 0.020777889601743118
1374 0.029961921038101864
1373 0.00013674168223392008
1367 0.00020878696143833322
1357 0.00046261882071315172
1349 0.0074419606002620563
1335 0.00185155484146251
1330 0.06925318214582038
1322 0.020011074962346373
1278 0.094818178878736448
1297 0.004514818580847511
1292 0.039478291810133757
1268 0.029960715538554918
1277 0.026430182621580083
1296 0.18090982013561566
1339 0.051575292066769543
1286 0.031288385177701994
1312 0.024609423400537091
1324 0.013161924576082409
1358 0.44784259690248074
1251 0.03152680239873127
1307 0.16629087707975282
1294 0.1160803661846166
1382 0.078646023473885676
1378 0.061284178855695322
1370 0.04660751167762639
1365 0.1588981250185747
1360 0.01590913779609374
1353 0.075577269607562295
1345 0.045324496541076918
1340 0.48638986917530302
1323 0.040425812064132143
1321 0.16581718423161801
1380 0.02568404094970075
1361 0.01528429146081259
1350 0.027377534026590548
1445 0.013633154875345442
1403 0.016221059031846147
1315 0.22805773448435504
1304 0.058771282104516764
1314 0.022334070624474015
1376 0.0051318175117136032
1348 0.0026154969179270279
1346 0.025950771059955972
1341 0.042273722898339215
1402 0.027841007402492773
1355 0.00066729338781274785
1427 0.0007718020648663686
1424 0.0076909139954423333
1413 9.7877354402879573e-05
1405 0.0004537372814741785
1399 0.00066362247235487927
1366 0.0011861298786403766
1423 0.031782642099709373
1422 0.069693409054621916
1414 0.065769991198932259
1386 0.012708056178912764
1462 0.091742706427486123
1430 0.45035232468377384
1416 0.19798643303199456
1404 0.094641420411965063
1388 0.35112808464465045
1364 0.37734714536747754
1347 0.13983218996737529
1325 0.19384000392504649
1411 0.46631586702174199
1389 0.072189847305654295
1383 0.053988452541393325
1432 0.18941993341557062
1421 0.17369286270349679
1398 0.38962023920880468
1412 0.034253918558611214
1394 0.024748717715850597
1393 0.033964451126596816
1384 0.0088812270098159833
1362 0.01947922344048501
1486 0.10257805692251877
1472 0.024414855426669015
1401 0.021825252969902682
1372 0.013773802259416429
1428 0.26003277869997654
1417 0.079007795318167734
1385 0.12115995280334166
1363 0.1140287365297578
1379 0.01168181342115786
1500 0.056468553893553763
1473 0.027646141827100311
1458 0.021354230058067591
1407 0.020923901158766866
1400 0.012197926404824914
1437 0.020618847913939458
1425 0.021835530222024918
1381 0.15647294236948611
1518 0.10922467177764592
1440 0.047231525157699412
1429 0.13106667410021661
1395 0.0060552911544154526
1469 0.054468816019200991
1482 0.005498885879861715
1431 0.036120042317053055
1426 0.48441303868400393
1453 0.22382222835691895
1418 0.017380096269501877
1408 0.012403732229593423
1392 0.016102347460025423
1391 0.021473592481664427
1375 0.011606617826130429
1397 0.019367627241297106
1396 0.035109384023364928
1450 0.031593979869704331
1435 0.0069474013275237249
1480 0.010355907035292449
1504 0.026098886397978773
1560 0.0076208434415227736
1538 0.023267258295264638
1502 0.011154389295309772
1409 0.04812670489744416
1465 0.029848368740811235
1410 0.049112446355605403
1419 0.10034294784390752
1415 0.69716520215466093
1439 0.033178144727033405
1474 0.014300506903364941
2051 0.12141844315319487
2227 0.10191244885187009
2202 0.2014326519368404
2174 0.24595942477328325
2170 0.12341046930722853
2151 0.091977976370407832
2138 0.1136578291641669
2087 0.23635578114541017
2079 0.52747786097288307
2078 0.52664563381129414
2069 0.19862892045612629
2175 0.022089751023378627
2156 0.024583242772095556
2132 0.033128762447428628
2119 0.055725419097841761
2117 0.022520720966654893
2108 0.0078755597408756775
2074 0.4647488798911999
2061 0.53658850204470898
2080 0.35418736225310826
2111 0.08260125473555581
2033 0.22867934452358185
2032 0.4466518539760666
2027 0.074066670775591759
1994 0.045541731185257464
2076 0.44327644594481613
2025 0.039168963636077997
2024 0.087700851228740148
2013 0.038267942930982277
2008 0.013192219748363045
2002 0.027982558769129941
2106 0.011394032895385511
2100 0.01531307667977971
2093 0.0025399296361918277
2082 0.023002378162226042
2055 0.022043134097015613
2028 0.065859795022686698
2042 0.15325171792317616
2226 0.12867311784913871
2206 0.43407223245011295
2140 0.12908222723113763
2130 0.072756554388138578
2096 0.12480679285949077
2146 0.47063446318635838
2124 0.48361290495905734
2113 0.21024291183459198
2097 0.19628153417938146
2086 0.094658215282420383
2085 0.40654642479555747
2081 0.16788649271120984
2092 0.17568615187242712
2043 0.18192403353287481
2168 0.31627782812355781
2159 0.51172990788039285
2107 0.15385522391741441
2094 0.22751197167518819
2077 0.40152897813031402
2059 0.10717745739300544
2048 0.093796066721264296
2054 0.12682509248083737
2129 0.14398664717346921
2250 0.12132291463693282
2244 0.011645399561478888
2228 0.15628160039159195
2213 0.21758410363631286
2196 0.074358500420352719
2139 0.045025645708740396
2099 0.14374603457648658
2031 0.065378992938604927
2045 0.035916234852184273
2165 0.061219226442695035
2154 0.11384066447943586
2141 0.011821345822987861
2136 0.34646711195394647
2120 0.043706932311431398
2155 0.2466162919479285
2149 0.045429228045713206
2145 0.09363788196794727
2047 0.34517760298037786
2150 0.084500025819548769
2073 0.013430581337716452
2066 0.12985241205809825
2116 0.70024425005793223
2101 0.19788478379618166
2105 0.010719875042047463
2164 0.24063885029550769
2158 0.17712376004906283
2126 0.37079526939547114
2122 0.10423853018493806
2133 0.043516140523137459
2144 0.031148717663034276
2137 0.0081641805567921472
2118 0.010089597835801959
2143 0.0059573934533878091
2142 0.011811733860770847
2127 0.012801109318366793
2200 0.028968200548454611
2189 0.092592447973512598
2183 0.41301804455758101
2260 0.098795973249418176
2241 0.041323138850134576
2187 0.16839919117926633
2231 0.060387122163927977
2225 0.06432915595150808
2216 0.18620792744286158
2503 0.082176029730240074
2502 0.071547993007065602
2494 0.15593643885950495
2486 0.40897093959228525
2480 0.20970293271553497
2466 0.38873049276861971
2463 0.082845825173628734
2461 0.053536899802429441
2445 0.0081733603633268228
2429 0.18714175458494239
2364 0.2277481109899917
2351 0.19955444952800333
2328 0.18116637972470884
2325 0.50253736340396771
2319 0.20980787147063334
2307 0.10267839306008573
2274 0.09631839458424403
2266 0.13662513790694902
2257 0.033076047746691532
2255 0.3537950057177075
2243 0.036860414214935862
2173 0.067577941446882284
2115 0.1411616237907469
2209 0.49086498632218978
2177 0.27680992378667779
2169 0.61534395246283524
2166 0.11667931368432333
2167 0.070951098060718379
2134 0.13917314181527865
2098 0.616331446698551
2199 0.081267038559315066
2193 0.38980276079636217
2192 0.16969896069490908
2131 0.1482408854815489
2102 0.3839992524109434
2163 0.095700701091848001
2147 0.522403481796895
2185 0.31013346483747428
2179 0.076308972356625357
2178 0.12070884245427724
2160 0.10693311675584079
2128 0.18221169956664787
2205 0.17849145322834331
2180 0.020386021972876537
2190 0.55649367119256365
2278 0.16371945556740766
2248 0.32416325600410845
2236 0.42333637170620947
2203 0.019246175421946218
2191 0.029822388572003887
2269 0.016627342353217538
2263 0.017602545245217944
2258 0.15638295337500918
2245 0.31911037015753857
2239 0.024166192277763881
2220 0.15427744059797827
2293 0.6693999103704753
2290 0.052176507296329513
2280 0.031435032327277956
2259 0.032669778889209203
2184 0.029182052841126932
2162 0.021642091145474291
2161 0.013879936616826138
2152 0.023043391031233342
2229 0.14804070097214769
2221 0.01464465260282761
2265 0.06450824941548311
2330 0.46880376894654274
2321 0.25118251515689238
2301 0.02753384274608249
2300 0.1088296281648837
2298 0.15462145242699135
2276 0.1325833886240029
2208 0.028335668336191853
2195 0.060894084922845135
2217 0.057265237649859441
2210 0.055528353462821395
2104 0.18268351242217937
2135 0.13533026007583143
2125 0.07115973677264599
2172 0.05956651789407668
2148 0.016439110115367458
2214 0.34123565800817646
2254 0.44245343009367527
2212 0.60121592063753793
2287 0.037379003894006405
2232 0.093699187471651388
2215 0.89104938581676751
2188 0.089177570936642414
2157 0.026142071861696287
2153 0.099232889918935585
2291 0.21877366801540613
2288 0.15453266241108232
2281 0.075619085160293101
2223 0.58142694899232772
2294 0.018215122165152604
2176 0.01751957391817522
2201 0.062079209726416097
2182 0.038213758438144299
2378 0.046466622087166794
2286 0.070031770577450414
2224 0.068660137121215756
2283 0.099837670224978928
2238 0.026229613524603575
2468 0.038610303193302109
2464 0.027921082692096422
2460 0.026121922305267328
2449 0.16509330944018061
2442 0.58216376263354208
2409 0.39297391853617836
2365 0.045284767462162742
2356 0.023671125032845818
2332 0.14199907138364221
2308 0.51353728518074659
2295 0.14955003025052327
2292 0.043467937854271124
2247 0.091710528110686598
2240 0.04612612048718339
2198 0.059187673906482309
2318 0.054619512611907527
2299 0.041351762221545234
2374 0.041830260842866195
2522 0.10946700491082535
2204 0.2270639261609686
2194 0.40060962834382441
2317 0.11956541704229068
2273 0.10770019309065464
2272 0.064306048378528463
2268 0.61449428174836973
2252 0.33537077391594577
2251 0.059406448116699519
2262 0.37448770295277395
2237 0.038114409387261031
2233 0.080824223725113234
2516 0.12595732149088812
2444 0.13529904240266866
2439 0.4001296632673112
2421 0.19753687129042022
2420 0.031708424712170648
2408 0.099525806456444751
2405 0.10080840248998101
2367 0.048734877635112944
2362 0.019412326282825236
2358 0.038452736193092064
2355 0.23283884302943897
2350 0.040803298515900976
2341 0.036303420390616715
2340 0.028425510563200501
2324 0.033169029420601549
2311 0.34058664651312437
2310 0.037405654923226429
2306 0.04366146916728593
2282 0.071450380250957693
2261 0.1039226194453939
2230 0.090356728021215221
2326 0.52865498361576257
2297 0.2905747375123835
2314 0.11794973557496087
2323 3.2076931148135447e-05
2322 0.11134325401147036
2435 0.078116266163856987
2434 0.056968748271702799
2423 0.046942167698553437
2396 0.095671053809923051
2391 0.57228594039989877
2372 0.16278272164107493
2370 0.20996070073872192
2363 0.40822963830047138
2353 0.42273519224123723
2346 0.38522784655168063
2337 0.16805999691364704
2343 0.56017768959320235
2342 0.51219589872935167
2329 0.51464123919270499
2417 0.36146699060346849
2404 0.10193648175388258
2397 0.084517462992495782
2389 0.12821028603796991
2458 0.13775929781066409
2414 0.15894483081201374
2500 0.13709049079345403
2470 0.1402453633759157
2499 0.53815890642521913
2487 0.26595678085086738
2508 0.14262156520580352
2518 0.011449561008545857
2534 0.10463935433883946
2531 0.48152720674951122
2242 0.17012888526233025
2235 0.3930160771963056
2234 0.11823381189601961
2222 0.18107905198103857
2418 0.036113720312387979
2398 0.65735701913242417
2394 0.31498922620214737
2376 0.67992434432108706
2344 0.4119164430290112
2338 0.1783154847350738
2327 0.385366880399306
2320 0.20984916953145613
2312 0.77223789541179666
2313 0.13948998644340532
2309 0.044555064668387913
2305 0.10125818430920265
2302 0.57252502004328976
2270 0.015089195458849904
2249 0.17016635639809613
2354 0.01903765049042588
2336 0.16693846717885996
2538 0.46876000968734466
2507 0.41989128736071818
2601 0.51919562043741319
2588 0.27155769613622072
2579 0.08949093709900556
2637 0.40846452421713114
2253 0.16287496859719852
2275 0.014604106738099434
2271 0.079664873919272947
2246 0.083709772948293529
2315 0.022992392251693968
2284 0.025121475003793949
2277 0.019164388522999867
2279 0.036529483650982408
2285 0.023944106003335977
2303 0.27023107403474256
2447 0.21268170379770432
2331 0.15427760667141327
2347 0.16166955357055462
2304 0.30255542187127066
2469 0.022233028083785873
2465 0.013765826997264781
2436 0.19078693714962944
2432 0.53236515947327057
2393 0.50607518877395397
2392 0.53741268510120088
2368 0.2603062616203653
2348 0.40516629096830226
2450 0.61119273561714682
2451 0.78081816975613749
2488 0.078646672221533695
2478 0.048158005456962236
2498 0.054861014687139144
2481 0.028779521376982739
2479 0.2767747306706197
2289 0.082138572794416442
2339 0.077087239904896632
2334 0.054278684473816424
2390 0.19610886584411086
2387 0.10291946003082206
2352 0.3667547486717222
2335 0.10830493192010363
2388 0.15609548672663659
2345 0.063093583614981325
2316 0.097914576858211949
2410 0.048242060572637122
2402 0.028618149826235541
2385 0.36454160055738183
2384 0.084572842838979437
2406 0.65683722894936769
2357 0.6972052454071892
2425 0.087190581792823157
2424 0.35417210612998212
2407 0.34105138194528467
2537 0.41477835662526541
2528 0.50083161228492235
2521 0.3431843460409551
2519 0.068983486344907322
2517 0.015943148544104294
2512 0.049277462747289197
2484 0.10806946533045834
2453 0.021549074908707541
2452 0.034672641289041434
2426 0.040419757884344293
2419 0.062778939835710618
2456 0.045777393533529664
2443 0.026827863585564053
2413 0.58198889686696176
2296 0.40635794522663066
2395 0.34418292677373336
2377 0.085801451000073858
2375 0.49318169178235977
2371 0.15067028868373838
2359 0.15021193688148465
2386 0.073580765269468967
2422 0.22448490211054001
2411 0.12125087721925593
2349 0.17262753207926787
2333 0.21367993303642718
2379 0.45857423673806896
2369 0.22434074474533661
2366 0.027916767002960922
2361 0.20917374673312772
2360 0.02084321268459239
2383 0.64668526197864296
2381 0.51095829538397364
2501 0.20778272126417366
2497 0.1101054736769012
2477 0.24064427226846422
2457 0.26487751076815258
2455 0.50883101604371372
2403 0.16528127780898269
2454 0.10014998654040458
2415 0.066099665493733237
2509 0.10426242441688217
2471 0.19009041228714418
2459 0.11921562832850641
2400 0.084491792174579541
2382 0.060642398778860372
2428 0.16057915056454924
2416 0.04847004505754117
2430 0.04019338817271273
2373 0.062320205754929789
2380 0.22583787011553796
2431 0.12118947542452041
2399 0.12568237315099232
2473 0.063174338285586509
2412 0.29669254686646368
2467 0.17389450892981592
2448 0.14386516004661681
2437 0.43553003368468046
2401 0.059341488263900566
2495 0.14036324537104644
2482 0.18665810029835811
2462 0.13605463836897511
2441 0.47191833369933378
2438 0.017105131840720982
2433 0.010758514576109244
2427 0.045283950969724589
2559 0.60663487300159313
2548 0.43898505561862838
2533 0.072834001537633059
2513 0.21549636033729994
2493 0.11425963999787087
2490 0.11201285561182471
2485 0.01650783606614829
2476 0.014105936371592897
2515 0.039924456877523537
2483 0.11972834689999343
2475 0.29063426411360049
2472 0.068223080092254626
2446 0.030980574652699235
2440 0.018597154287523846
2506 0.017878738034305553
2634 0.055779475388191925
2606 0.028718082587124452
2581 0.05024316730916549
2562 0.026949434279600601
2547 0.51152630127575471
2532 0.030761083471537023
2635 0.076664355631248099
2632 0.74986574022818597
2628 0.90507117991492236
2611 0.74926672865338573
2594 0.24608810310551268
2586 0.79813988510940226
2558 0.095342088242194256
2496 0.24051227723227026
2511 0.12444173540442964
2539 0.13319440617734432
2529 0.195879663668377
2527 0.032749309117928629
2520 0.060007528030371918
2526 0.68352057655329057
2551 0.39111437177429864
2545 0.35555105625842487
2536 0.61887558422250766
2504 0.07597190707980514
2474 0.069269905115983785
2492 0.13753831031452315
2489 0.0036232196590987508
2505 0.031867805103906278
2574 0.028941399192675479
2546 0.046426014368814252
2543 0.13698641204026574
2530 0.0058183876301752032
2565 0.12420487610292144
2566 0.040722555993652994
2555 0.57193583081135024
2542 0.5849627785483007
2535 0.7248391825959446
2510 0.0094092075297297004
2541 0.19467778854105985
2556 0.1697202456614092
2549 0.20612473293832465
2580 0.1256320422935113
2591 0.19295062934210974
2578 0.32919460105704679
2567 0.039825785147884013
2523 0.069266745015107295
2525 0.37263988879684978
2514 0.011283089528387797
2491 0.058483427900290721
2553 0.06243528542511096
2571 0.28664206839910206
2563 0.27287030691730874
2550 0.025379348684931316
2614 0.50467290857379887
2612 0.064324441123430942
2605 0.22979806256085922
2590 0.12022201070507257
2589 0.06302824325009547
2576 0.23521765234698341
2569 0.22639345736377348
2568 3.3800642775444007e-07
2561 0.11282042326755773
2557 0.077455097974666987
2575 0.56957676475222263
2617 0.46112611250107055
2616 0.34078744484405255
2597 0.50038397949672597
2524 0.20787148166291816
2554 0.14719376357163794
2552 0.048782978611052304
2600 0.50022915604362272
2583 0.45815315409759211
2564 0.14620189490634855
2643 0.030632844556320673
2640 0.85120752017339929
2627 0.082677665708723924
2623 0.3957887517509654
2622 0.84319424191691794
2618 0.15855490714124898
2610 0.481103543185191
2603 0.039981886077090779
2598 0.038857882743427836
2577 0.039209305482854756
2620 0.46888908511126309
2619 0.24498565903596592
2631 0.10703893324105457
2626 0.13830583559059162
2599 0.89972473234296879
2629 0.58219509494272415
2621 0.28999465568736466
2544 0.17760637232822485
2540 0.11442971838288994
2602 0.12648039262836319
2595 0.15345397838544919
2613 0.11652909685643227
2625 0.13565054294591447
2624 0.050647658563368031
2609 0.1663218698820888
2587 0.42018946783444955
2572 0.14071917701798176
2560 0.07393752066366209
2584 0.10039148250157115
2570 8.6314774340338974e-05
2585 0.03996861068994538
2615 0.014318906982907527
2596 2.2518023731166822e-08
2592 0.28810592395448398
2573 0.13537725105916432
2641 0.76780318058049457
2582 0.60499230497120937
2636 0.89912724306531033
2608 0.76549992207822737
2630 0.82300056206323668
2639 0.85821424662111356
2593 0.62262384185217912
2607 0.68614346603351606
2604 0.27410815759924562
2633 0.78692839267422487
2638 0.11759697196641178
2642 0.099887933084522929
