1 2,25,38,231
2 1,3,25,38
3 2,4,25,53
4 3,5,53
5 4,6,53,87,90,95
6 5,7,26,64,87,101,106,129
7 6,8,26,27,39,54,66
8 7,9,27,40,41,42,43,44
9 8,10,44,69,82
10 9,11,28,29,30,45,69
11 10,12,30,46
12 11,13,31,46
13 12,14,47
14 13,15,32,47,60
15 14,16,32,33,78,112,122,123,154
16 15,17,33,48
17 16,18,48,49
18 17,19,49,50
19 18,20,34,50,51,56
20 19,21,35,52
21 20,22,35
22 21,23,35,36,63,68
23 22,24,36
24 23,37
25 1,2,3,38,53,93,105,107,108,132,136,167,180,217,221,222,231,245,264,281,288,383,385,397,401,416,432,467,502,504,525,529,557,614,687,696,732,734,747,749,754
26 6,7,39,61,64,65
27 7,8,40,41,54,70
28 10,45,57,58,62,69
29 10,30,45,55,58
30 10,11,29,46,58,59,89,96,111,113,119,126,130
31 12,46,47,73
32 14,15,60,78
33 15,16,48,49,123,131
34 19,35,51,52
35 20,21,22,34,51,52,68,74,76
36 22,23,37,63,68,94
37 24,36,94,98
38 1,2,25
39 7,26,61,66
40 8,27,41
41 8,27,40,42,69,70,75,114,125
42 8,41,43,44,69,82,114
43 8,42,44
44 8,9,42,43,82
45 10,28,29,58
46 11,12,30,31,59,67,73,79,85,86,89,91,97,119,149,160,168,174,177
47 13,14,31,60,73,84
48 16,17,33,49
49 17,18,33,48,50,123,131,137,172,189,194
50 18,19,49,56,104,117,124,127,138,139,182,194,199,203,229,244,254,257,270,282,313,341,353,354,372,382,392
51 19,34,35,56,76,80
52 20,34,35
53 3,4,5,25,90,93
54 7,27,66,70,71,72,75,81
55 29,58
56 19,50,51,80,104
57 28,58,62,69,83,96,99
58 28,29,30,45,55,57,96
59 30,46,89
60 14,32,47,78,84,112
61 26,39,65,66,77
62 28,57,69
63 22,36,68
64 6,26,65,110,129,132
65 26,61,64,77,102,110
66 7,39,54,61,71,72,77,88,102,109,110
67 46,79
68 22,35,36,63,74,94,128,140,141,142,146,157,175,191,205,220,228,232
69 9,10,28,41,42,57,62,82,83,96,99,114,115,125
70 27,41,54,75
71 54,66,72
72 54,66,71,81,88
73 31,46,47,84,86,91,133,156,158
74 35,68,76,118,128
75 41,54,70,81,125,162,164,179,211,218,233,235
76 35,51,74,80,118,120
77 61,65,66,102
78 15,32,60,112
79 46,67,85,86,91,92
80 51,56,76,104,120
81 54,72,75,88,110,116,159,162,164,165,166
82 9,42,44,69,115
83 57,69
84 47,60,73,112,133,156
85 46,79
86 46,73,79,91,92
87 5,6,95,101
88 66,72,81,109,116
89 30,46,59,97,111,113
90 5,53,93,95,103
91 46,73,79,86,92,149,153,158,161
92 79,86,91
93 25,53,90,103,105
94 36,37,68,98,100,142,150,151
95 5,87,90,101,103,106,107,108
96 30,57,58,69,125,126,152,155,163,185,197
97 46,89,113,119
98 37,94,100
99 57,69
100 94,98,151
101 6,87,95,106
102 65,66,77,110
103 90,93,95,105,108
104 50,56,80,117,120,124,143
105 25,93,103,108
106 6,95,101,107,121,129,132
107 25,95,106,108,121,132,136
108 25,95,103,105,107
109 66,88,110,116
110 64,65,66,81,102,109,116,132,145,148,159
111 30,89,113
112 15,60,78,84,122,133
113 30,89,97,111,119
114 41,42,69
115 69,82
116 81,88,109,110
117 50,104,124,127,134,139
118 74,76,120,128
119 30,46,97,113,130,168
120 76,80,104,118,128,135,143
121 106,107,132
122 15,112,133,154
123 15,33,49,131,137,154,172,186,193,194
124 50,104,117,134,139,143,173,198,199,203,209
125 41,69,75,96,185,197,200,211
126 30,96,130,147,163
127 50,117,138,139
128 68,74,118,120,135,140,141
129 6,64,106,132
130 30,119,126,147,168,169,171
131 33,49,123,137
132 25,64,106,107,110,121,129,136,148,180,183,195,196
133 73,84,112,122,154,156,158,184
134 117,124,139
135 120,128,140,143,144
136 25,107,132
137 49,123,131
138 50,127,139
139 50,117,124,127,134,138
140 68,128,135,141,143,144,190,191
141 68,128,140
142 68,94,146,150
143 104,120,124,135,140,144,173,190,198
144 135,140,143
145 110,148
146 68,142,157
147 126,130,163,169
148 110,132,145,159,176,181,183
149 46,91,153,160
150 94,142,151,157,175
151 94,100,150,175,232,237,246
152 96,185
153 91,149,160,161
154 15,122,123,133,170,182,184,193,194
155 96
156 73,84,133
157 68,146,150,175
158 73,91,133,161,184,223,242,243
159 81,110,148,164,176
160 46,149,153,161,177
161 91,153,158,160,174,177,242,253,256,260
162 75,81,164,166
163 96,126,147,168,169,174,178,197,208
164 75,81,159,162,165,166,176,179,187,204,207
165 81,164,166
166 81,162,164,165
167 25
168 46,119,130,163,169,171,174,178,202
169 130,147,163,168,171,178
170 154,182,184,188,212
171 130,168,169
172 49,123,186,189
173 124,143,198
174 46,161,163,168,177,197,200,202,208,216,250,251,252,253,259,276
175 68,150,151,157,232,237
176 148,159,164,181,187
177 46,160,161,174
178 163,168,169
179 75,164,204,210,218
180 25,132,196,217,221
181 148,176,183,187,192,195,206
182 50,154,170,188,194,212,244
183 132,148,181,195
184 133,154,158,170,212,223,243,244
185 96,125,152
186 123,172,189,194
187 164,176,181,192,204,207,215,230,238,292,295,298
188 170,182,212
189 49,172,186,194
190 140,143,191,198,201,205
191 68,140,190,205
192 181,187,195,206,215
193 123,154,194
194 49,50,123,154,182,186,189,193
195 132,181,183,192,196,206,215,222,255,264,265,279,281
196 132,180,195,217,222
197 96,125,163,174,200,208
198 124,143,173,190,201,209,214,219
199 50,124,203
200 125,174,197,211,213,234,248,251,267
201 190,198,205,214
202 168,174,216
203 50,124,199,209,229
204 164,179,187,207,210,230
205 68,190,191,201,214,219,220,224,225,226
206 181,192,195
207 164,187,204
208 163,174,197
209 124,198,203,219,229
210 179,204,218,230
211 75,125,200,213,234,235,240
212 170,182,184,188,227,236,244
213 200,211,234
214 198,201,205,219
215 187,192,195,238,241,255,280,301
216 174,202
217 25,180,196,221,222,239,245
218 75,179,210,230,233,235,240,249
219 198,205,209,214,224,229,247
220 68,205,226,228
221 25,180,217
222 25,195,196,217,239,245,264
223 158,184
224 205,219,225,226,229
225 205,224,226
226 205,220,224,225,228,229,232,246,266,268,269,277,278,286,287
227 212,236
228 68,220,226,232
229 50,203,209,219,224,226,247,266,270,283,285
230 187,204,210,218,249,262,292
231 1,25
232 68,151,175,226,228,237,246
233 75,218,235
234 200,211,213,240,248,258,262,263,271,275
235 75,211,218,233,240
236 212,227,244
237 151,175,232
238 187,215,241,280,295
239 217,222,245
240 211,218,234,235,249,258
241 215,238
242 158,161,243,244,260,261,272,273,276,284,293,306,311
243 158,184,242,244,261,273
244 50,182,184,212,236,242,243,254,257,273,306,316,317,326,346,348,349,350,356,369,380
245 25,217,222,239
246 151,226,232,268,290,291,294
247 219,229
248 200,234,267,271
249 218,230,240,258,262
250 174,252,276
251 174,200,252,267,276
252 174,250,251,276
253 161,174,256,259
254 50,244,257
255 195,215,265,274,289,301,307,312,329,344,351
256 161,253,259,260
257 50,244,254,315,316,317,334,340,341
258 234,240,249,262
259 174,253,256,260,276
260 161,242,256,259,276
261 242,243
262 230,234,249,258,263,292,299
263 234,262,271,275,297,299,303,304,305,309,314,321,325
264 25,195,222,281
265 195,255,274,279
266 226,229,269,285,286
267 200,248,251,271,276
268 226,246,278,290
269 226,266
270 50,229,282,283,286,313,318,338,361,362,372,382,400
271 234,248,263,267,276,309
272 242,293
273 242,243,244,284
274 255,265,279,289
275 234,263
276 174,242,250,251,252,259,260,267,271,296,309,311,321,322,324,327,331,335
277 226,278
278 226,268,277,286,287,290,291,294
279 195,265,274,281,289,300,302
280 215,238,295,301,307,312,319,320,351,358,359,411
281 25,195,264,279,288,300,302,328,343,363,385
282 50,270,313
283 229,270,285,286
284 242,273
285 229,266,283,286
286 226,266,270,278,283,285,287,294,310,338,355,433
287 226,278,286
288 25,281
289 255,274,279,302,329,333,344
290 246,268,278,291
291 246,278,290,294
292 187,230,262,298,299
293 242,272,306
294 246,278,286,291,355,433,445,493,501,521
295 187,238,280,298,320
296 276,322,324
297 263,305
298 187,292,295,299
299 262,263,292,298,303,320,323,339,352,360,364,374
300 279,281,302
301 215,255,280,307
302 279,281,289,300,308,328,333
303 263,299,304,305,314,323,332,336,345
304 263,303,305
305 263,297,303,304,314
306 242,244,293,311,326
307 255,280,301,312
308 302
309 263,271,276,321
310 286,355
311 242,276,306,326,327
312 255,280,307,319,351
313 50,270,282,318
314 263,303,305,325,332
315 257,316
316 244,257,315,317,334,349,350,365,366,367
317 244,257,316
318 270,313
319 280,312,351
320 280,295,299,339,359
321 263,276,309,324,325,331,332,335,337,376,379,384,389
322 276,296,324,330,337
323 299,303,345,352
324 276,296,321,322,326,327,330,337,373,376,391
325 263,314,321,332
326 244,306,311,324,327,346,373
327 276,311,324,326
328 281,302,333,342,343,347
329 255,289,344
330 322,324,337
331 276,321,335
332 303,314,321,325,336,379,384,388
333 289,302,328,342,344
334 257,316,340,366
335 276,321,331,337
336 303,332,345,384,388
337 321,322,324,330,335
338 270,286,355,400,437,481,484,493,514,534,551
339 299,320,359,364,375
340 257,334,341
341 50,257,340,354,366,381
342 328,333,344,347
343 281,328,347,357,363
344 255,289,329,333,342,347,351,357,358,370
345 303,323,336,352,378,384
346 244,326,348,373
347 328,342,343,344,357
348 244,346,356,373,380,396,398
349 244,316,350
350 244,316,349,367,369,371
351 255,280,312,319,344,358
352 299,323,345,360,368,378
353 50,382,392
354 50,341,381,392,405
355 286,294,310,338,433,445,493,501
356 244,348,380
357 343,344,347,363,370
358 280,344,351,370,411,413,435,454
359 280,320,339,375,387,411,419,426,441
360 299,352,368,374,377
361 270,362,382,400,434,437,452,458,476,486,489,499,500,508,513,540,541,545,556,576
362 270,361,400
363 281,343,357,370,385,386
364 299,339,374,375,387
365 316,366,367,371,381
366 316,334,341,365,381
367 316,350,365,371
368 352,360,377,378
369 244,350,371,380
370 344,357,358,363,385,386,393,413,435,443,467,510
371 350,365,367,369,380,381,382
372 50,270,382
373 324,326,346,348,391,396
374 299,360,364,377,378,387,390
375 339,359,364,387
376 321,324,389,391
377 360,368,374,378
378 345,352,368,374,377,384,387
379 321,332,384
380 244,348,356,369,371,382,394,398,410,414
381 341,354,365,366,371,382,404,405
382 50,270,353,361,371,372,380,381,392,394,405,410,420,421,431,452,458
383 25,401,407,416
384 321,332,336,345,378,379,387,388,389,403,424,438,447,449,453
385 25,281,363,370,386,393,397,402,415,442,448,467
386 363,370,385,393
387 359,364,374,375,378,384,390,395,403,419,427,429,438,439
388 332,336,384
389 321,376,384,391,399,406,408,424,451,460
390 374,387,395
391 324,373,376,389,396,399,409,417
392 50,353,354,382,405
393 370,385,386
394 380,382,410
395 387,390
396 348,373,391,398,409
397 25,385,401
398 348,380,396,409,412,414,422
399 389,391,417,451
400 270,338,361,362,434,437
401 25,383,397,402,407,415
402 385,401,415
403 384,387,438
404 381
405 354,381,382,392,431
406 389,408,424
407 383,401,415,416,428,432,442,448
408 389,406,424
409 391,396,398,412,417,418
410 380,382,394,414,420,423
411 280,358,359,441,454,456,462
412 398,409,418,422,425
413 358,370,435
414 380,398,410,422,423,430
415 385,401,402,407,428,442
416 25,383,407,432
417 391,399,409,418,451,466,470,473
418 409,412,417,421,425,473
419 359,387,426,427
420 382,410,421,423
421 382,418,420,423,425,430,436,440,444,452,473,474,489,497,507,524,532
422 398,412,414,425,430
423 410,414,420,421,430
424 384,389,406,408,447,460,465,472,480
425 412,418,421,422,430,474
426 359,419,427,429,441,457,461,464,469
427 387,419,426,429
428 407,415,442,446
429 387,426,427,439,464,477,482
430 414,421,422,423,425
431 382,405
432 25,407,416,448,467,492,502,505
433 286,294,355,445
434 361,400,437
435 358,370,413,443,454,459,468
436 421,440
437 338,361,400,434,481,484,486,487,494,514
438 384,387,403,439,450,453,463
439 387,429,438,450,477
440 421,436,444,455,475,476,489
441 359,411,426,456,457,461,471
442 385,407,415,428,446,448
443 370,435,459,468,510,517
444 421,440,452,455,476
445 294,355,433
446 428,442
447 384,424,449,465,491,506,518,535,537
448 385,407,432,442,467,492
449 384,447,450,453,463,496,506
450 438,439,449,463,477,479,482,496
451 389,399,417,460,466,470
452 361,382,421,444,476,500
453 384,438,449,463
454 358,411,435,462,468
455 440,444,475,476
456 411,441,462,471
457 426,441,461
458 361,382
459 435,443,468
460 389,424,451,470,480
461 426,441,457,469,471,498,503,522,538,549,569,570,584,596,615,619,728,745
462 411,454,456,468,471,485
463 438,449,450,453
464 426,429,469,482,522
465 424,447,470,472,480,491
466 417,451,470
467 25,370,385,432,448,492,502,504,505,510,557,562
468 435,443,454,459,462,483,485,488,490,511,517
469 426,461,464,522
470 417,451,460,465,466,473,478,480,491,528
471 441,456,461,462,485,498,503
472 424,465
473 417,418,421,470,478,497,520,528
474 421,425
475 440,455,476
476 361,440,444,452,455,475,489,499,500
477 429,439,450,482
478 470,473
479 450,482,495,496
480 424,460,465,470
481 338,437,484,487
482 429,450,464,477,479,495,519,522
483 468,488,490,511
484 338,437,481,487,494,514
485 462,468,471,490,503
486 361,437,513,514,516
487 437,481,484,494
488 468,483
489 361,421,440,476,524,527,531,540
490 468,483,485,503,511,558,564,565,569
491 447,465,470,518,528,544,554,567,568
492 432,448,467,505
493 294,338,355,501,521,534,542,546,588
494 437,484,487
495 479,482,496,509,512,515,519
496 449,450,479,495,506,509
497 421,473,507,520,528
498 461,471,503
499 361,476,500
500 361,452,476,499,508
501 294,355,493
502 25,432,467
503 461,471,485,490,498,538,558
504 25,467
505 432,467,492
506 447,449,496,509,523,537,548
507 421,497,524,528,532,543,552,555
508 361,500
509 495,496,506,512,515,523,547,548,550,559,566,589,591
510 370,443,467,517,525,562
511 468,483,490,517,526,564
512 495,509,515
513 361,486,516,530,541,583,621,628
514 338,437,484,486,516,551,590,605,618,628,633,650,661,665,678,704
515 495,509,512,519,522,547,550
516 486,513,514,530,618,628,678
517 443,468,510,511,525,526
518 447,491,535,537,544,567,572,577,580,582,586,595,610,612,616
519 482,495,515,522
520 473,497,528
521 294,493,546,588
522 461,464,469,482,515,519,547,549
523 506,509,548
524 421,489,507,527,533,543,552,553,555,563
525 25,510,517,526,557,562,581,593,594,614,629,651,658,680,685
526 511,517,525,564,593,606,609
527 489,524,531,533,536,539
528 470,473,491,497,507,520,554,555,578,586
529 25,557
530 513,516
531 489,527,539,540,545,573,592
532 421,507
533 524,527,539,553,563
534 338,493,542,551
535 447,518,537
536 527,539
537 447,506,518,535,548,560,572,575,579,580,585,597,638,642,646,653,662,667,668
538 461,503,558,569
539 527,531,533,536,563,573
540 361,489,531,545
541 361,513,556,583
542 493,534,551,588,608,613,623
543 507,524,552
544 491,518,567
545 361,531,540,576,583,592
546 493,521,588
547 509,515,522,549,550,566,570,571
548 506,509,523,537,559,560
549 461,522,547,570
550 509,515,547
551 338,514,534,542,590,605,613,626
552 507,524,543,555,561
553 524,533,563
554 491,528,567,568,586
555 507,524,528,552,561,563,573,578
556 361,541,576,583
557 25,467,525,529,562,581
558 490,503,538,565,569
559 509,548,560,574,591
560 537,548,559,574,575
561 552,555
562 467,510,525,557,581,594
563 524,533,539,553,555
564 490,511,526,569,599,600,606,624,630
565 490,558,569
566 509,547,571,589
567 491,518,544,554,568,586
568 491,554,567
569 461,490,538,558,564,565,600,615,619
570 461,547,549,571,584,589
571 547,566,570,589
572 518,537,577,580
573 531,539,555,578,587,592,625,634,635
574 559,560,575,585,591
575 537,560,574,579,585
576 361,545,556,583
577 518,572,580
578 528,555,573,586,587,602,604
579 537,575
580 518,537,572,577,582,597
581 525,557,562,594
582 518,580,595,597,598
583 513,541,545,556,576,592,617,621,632,635,655
584 461,570,589,596,631,657,711,741,745,767,771,775
585 537,574,575,591,642
586 518,528,554,567,578,604,611,612,616,639,640,654,682,692
587 573,578,602,604,625,634,643,647,648,649
588 493,521,542,546,607,608
589 509,566,570,571,584,591,603,627
590 514,551,605
591 509,559,574,585,589,601,603,642
592 531,545,573,583,635
593 525,526,609,624,629,651
594 525,562,581
595 518,582,598,610,622
596 461,584
597 537,580,582,598,620,638
598 582,595,597,610,620,622,640
599 564,600,630,636
600 564,569,599,619,636,652,683,697,703
601 591,603,641,642,670,672
602 578,587,604
603 589,591,601,627,641,645
604 578,586,587,602,611,637,643,647,660,673,674,715,729
605 514,551,590,626,650
606 526,564,609,624
607 588,608,656,661,702,731,737
608 542,588,607,623,626,644,656
609 526,593,606,624
610 518,595,598,616,622,640
611 586,604,637,639
612 518,586,616
613 542,551,623,626
614 25,525,658,664,687,689,716
615 461,569,619
616 518,586,610,612,640
617 583,632
618 514,516,633
619 461,569,600,615,703,706,728
620 597,598,638,640,676,688,700,707,710,721
621 513,583,628,632,655,673,675,722,723
622 595,598,610
623 542,608,613,626
624 564,593,606,609,630,651,686,690,694
625 573,587,634
626 551,605,608,613,623,644,650,665
627 589,603,631,645
628 513,514,516,621,673,678,723,736,740,760
629 525,593
630 564,599,624,636,652,683,690
631 584,627,645,657
632 583,617,621,655
633 514,618
634 573,587,625,635,643
635 573,583,592,634,643,655,660,673,677
636 599,600,630,652
637 604,611,639,654,659,663,674
638 537,597,620,646,666,676
639 586,611,637,654
640 586,598,610,616,620,688,692,700,701
641 601,603,645,669,672,684,691,711,712,713
642 537,585,591,601,653,670,691,725,742,787,807,828
643 587,604,634,635,647,649,660
644 608,626,656,661,665
645 603,627,631,641,657,669
646 537,638,666,668
647 587,604,643,648,649
648 587,647,649
649 587,643,647,648
650 514,605,626,665
651 525,593,624,681,685,686
652 600,630,636,683
653 537,642,662,667,671,679,695,719,725,730,742,750
654 586,637,639,659,674,682
655 583,621,632,635,673,675
656 607,608,644,661
657 584,631,645,669,684,711
658 525,614,664,680
659 637,654,663,674
660 604,635,643,673,677
661 514,607,644,656,665,702,731,760
662 537,653,667,671
663 637,659,674
664 614,658,680,689
665 514,626,644,650,661
666 638,646,668,676,695,707
667 537,653,662,668,679
668 537,646,666,667,679,695
669 641,645,657,684
670 601,642,672,691
671 653,662
672 601,641,670,691
673 604,621,628,635,655,660,677,698,699,708,715,722,723,729,736,740
674 604,637,654,659,663,682,717,724,729
675 621,655
676 620,638,666,707
677 635,660,673
678 514,516,628,704
679 653,667,668,695
680 525,658,664,685,689,693,709,716,733
681 651,685,686,718
682 586,654,674,692,701,705,717,724
683 600,630,652,690,694,697,703,714,735,766,774,778,786
684 641,657,669,711
685 525,651,680,681,693,709,718,727,777,791,800,821,839,842,847
686 624,651,681,694,714,718,726
687 25,614,716,733,749,819,837,838,841,848,851,859,871,882,889,893
688 620,640,700
689 614,664,680,716
690 624,630,683,694
691 641,642,670,672,711,713,741,746,762,767,775,801,805,814,828,833,862,870
692 586,640,682,701
693 680,685,709
694 624,683,686,690,714,735
695 653,666,668,679,707,719,720
696 25,747,753
697 600,683,703
698 673,699,708,715
699 673,698,715,729
700 620,640,688,701,710
701 640,682,692,700,705,707,710,721,724,743,752
702 607,661,731
703 600,619,683,697,706,728,766,778
704 514,678
705 682,701
706 619,703,728
707 620,666,676,695,701,720,721,738,752,763
708 673,698,715
709 680,685,693,733,777,782
710 620,700,701,721
711 584,641,657,684,691,712,713,741,746
712 641,711,713
713 641,691,711,712
714 683,686,694,718,726,735,758,774
715 604,673,698,699,708,729
716 614,680,687,689,733
717 674,682,724
718 681,685,686,714,726,727,758,774,785,821,822
719 653,695,720,730
720 695,707,719,730,738,739
721 620,701,707,710
722 621,673,723
723 621,628,673,722
724 674,682,701,717,729,743,755,764,768,773
725 642,653
726 686,714,718,758
727 685,718
728 461,619,703,706,745,778,786,806,809,823,827,832
729 604,673,674,699,715,724,736,755,765,769,770
730 653,719,720,739,750,751
731 607,661,702,736,737,744,760,784,795
732 25,734,748,754
733 680,687,709,716,782,800,819
734 25,732,748
735 683,694,714
736 628,673,729,731,740,760,769,795
737 607,731,744,834
738 707,720,739,759,763
739 720,730,738,750,751,759,761
740 628,673,736
741 584,691,711,746,762,767
742 642,653,750,787,796
743 701,724,752,764,772,776,780
744 731,737,769,784,795,834,845,846
745 461,584,728,771,779,806,810
746 691,711,741
747 25,696,753,754,799,817
748 732,734,749,754,756,757
749 25,687,748,756,848
750 653,730,739,742,751,759,761,763,788,789,792,793,796
751 730,739,750,761
752 701,707,743,763,776,780,783,790,797,802
753 696,747,799
754 25,732,747,748,756,757,798,817,820
755 724,729,768,770,773,781
756 748,749,754,757,798,835,841,848
757 748,754,756
758 714,718,726
759 738,739,750,763
760 628,661,731,736
761 739,750,751
762 691,741,767
763 707,738,750,752,759,783,788,793,796,797,914
764 724,743,768,772,780,790
765 729,769,770,781
766 683,703,778
767 584,691,741,762,775
768 724,755,764,769,773,781,790,794,803
769 729,736,744,765,768,781,795,803,804,808,812,813,816,824,830,836,844,845,852,853,863,869,872,874,948,1059,1093,1107,1132,1288,1304,1307,1310
770 729,755,765,781
771 584,745,775,779
772 743,764,780
773 724,755,768
774 683,714,718,785
775 584,691,767,771,779,801
776 743,752
777 685,709,791
778 683,703,728,766,786
779 745,771,775,801,810,815,818,825,826,827,864
780 743,752,764,772,790
781 755,765,768,769,770
782 709,733,791,800
783 752,763,797
784 731,744,795
785 718,774,786,809,822
786 683,728,778,785,809
787 642,742,796,807,854,856
788 750,763,789,793,796
789 750,788,793
790 752,764,768,780,794,802,829,840,843,857,879
791 685,777,782,800
792 750,796
793 750,763,788,789
794 768,790,803,840
795 731,736,744,769,784
796 742,750,763,787,788,792,856,887,900,911,914
797 752,763,783,802,829,843,857,865,866,914,929,963
798 754,756,820,835,841
799 747,753,817,831
800 685,733,782,791,819,838,842
801 691,775,779,805,811,815
802 752,790,797,829
803 768,769,794,840,915,921,948
804 769,808,813,836,855
805 691,801,811,814
806 728,745,810,827
807 642,787,828,854
808 769,804,812,813
809 728,785,786,822,823,827,849
810 745,779,806,827
811 801,805,814,815
812 769,808,813
813 769,804,808,812,816,855
814 691,805,811,815,818,825,826,827,864,870
815 779,801,811,814,826
816 769,813,824,830,850,855
817 747,754,799,820,831
818 779,814,825,864
819 687,733,800,837,838
820 754,798,817,831,841,875
821 685,718,822,847,858,899,923,935
822 718,785,809,821,849,923,935
823 728,809,827,832
824 769,816,830
825 779,814,818,826
826 779,814,815,825
827 728,779,806,809,810,814,823,832,849,861,864,867,868,870,876,878,880,884,891,896,906,925,928
828 642,691,807,833,854,862,873
829 790,797,802,843
830 769,816,824,844,850,853,881,916
831 799,817,820,875,904,960,965
832 728,823,827
833 691,828,862
834 737,744,846
835 756,798,841
836 769,804,852,855,901
837 687,819,838,851
838 687,800,819,837,842,859
839 685,842,847,858,859
840 790,794,803,860,879,915,921,949
841 687,756,798,820,835,848,871,875,882,886,888,904,908
842 685,800,838,839,859
843 790,797,829,857
844 769,830,853
845 744,769,846,863
846 744,834,845,863
847 685,821,839,858
848 687,749,756,841,871
849 809,822,827,867,876,883,913,923
850 816,830,855,881,912
851 687,837
852 769,836,901,909,918,1166,1177,1193,1197,1198,1212,1239,1290,1292,1307,1310,1318
853 769,830,844,869,912,916,922
854 787,807,828,856,873,877
855 804,813,816,836,850,901,912,918,950
856 787,796,854,873,877,885,887,892
857 790,797,843,879,963,970,972,986
858 821,839,847,859,897,899,923,973,982
859 687,838,839,842,858,893,897
860 840
861 827,868,876,883
862 691,828,833,870,873,878,885
863 769,845,846,872
864 779,814,818,827
865 797,866,929,963,970
866 797,865
867 827,849,876
868 827,861,883,884,890,891,894
869 769,853,874,922,950,993
870 691,814,827,862,878
871 687,841,848
872 769,863,874,926,953,959,975,992,1010,1013,1017
873 828,854,856,862,877,885
874 769,869,872,926,950,992,1010,1016
875 820,831,841,904
876 827,849,861,867,883
877 854,856,873
878 827,862,870,885,906
879 790,840,857,949,972
880 827,884,891
881 830,850,912,916,945
882 687,841,886,889
883 849,861,868,876,890,903,913,931,932,936,961,969
884 827,868,880,891,894
885 856,862,873,878,892,895,906,907
886 841,882,888,889,898,902
887 796,856,892,895,900,914,917,952,957,966
888 841,886,902,908
889 687,882,886,893,898,905,930
890 868,883,891,896,920,931,936
891 827,868,880,884,890,894,896
892 856,885,887,895
893 687,859,889,897,910,930
894 868,884,891
895 885,887,892,906,907,943,952
896 827,890,891,920,924,925,927,938,939,940,943,958
897 858,859,893,910,930,942,973,989,1006,1007
898 886,889,902,905,908,934,941
899 821,858
900 796,887,911,914,917
901 836,852,855,909,918
902 886,888,898,908
903 883,913,932
904 831,841,875,908,919,937,956,960
905 889,898,930,934
906 827,878,885,895,907,928,943
907 885,895,906
908 841,888,898,902,904,919,941
909 852,901,918,1039,1046,1074,1166
910 893,897
911 796,900,914
912 850,853,855,881,916,922,945,950
913 849,883,903,923,932,947
914 763,796,797,887,900,911,929,952,957,967,1001,1014,1075,1086,1146,1156
915 803,840,921,948,949,971,974,978
916 830,853,881,912
917 887,900
918 852,855,901,909,950,1039,1040,1046,1047,1057,1074,1077,1108,1109,1116,1158,1177
919 904,908,937,941,951,954,955
920 890,896,927,933,936,944
921 803,840,915
922 853,869,912,950,984,993
923 821,822,849,858,913,935,947,962,982,987,989,996,1032,1043,1056,1085,1094,1105
924 896,927,933,938
925 827,896,928,939,940
926 872,874
927 896,920,924,933
928 827,906,925,940,943
929 797,865,914,967,970
930 889,893,897,905,934,942,946,964
931 883,890,936
932 883,903,913,947,961
933 920,924,927,938,944,977
934 898,905,930,941,946
935 821,822,923
936 883,890,920,931,944,969,977,987,996
937 904,919,954,956
938 896,924,933,958,977
939 896,925,940
940 896,925,928,939,943
941 898,908,919,934,946,951,954,955,964,1024,1049,1053
942 897,930,964,1003,1006
943 895,896,906,928,940,952,958,985,1012,1038,1041,1067
944 920,933,936,977
945 881,912
946 930,934,941,964
947 913,923,932,961,962
948 769,803,915,971,978,988,990,991,1025,1058,1059,1079,1082,1083,1096,1107,1121
949 840,879,915,972,974
950 855,869,874,912,918,922,984,993,1016,1029,1030,1040,1060
951 919,941,955
952 887,895,914,943,957,966,985,1012,1086,1089
953 872,959
954 919,937,941,955,956,976,979,981,1031,1049
955 919,941,951,954
956 904,937,954,960,976,981
957 887,914,952,966
958 896,938,943,977,1054,1066,1071
959 872,953,975
960 831,904,956,965,968,980,981,983
961 883,932,947,962,969
962 923,947,961,969,996
963 797,857,865,970
964 930,941,942,946,1003,1024
965 831,960,968
966 887,952,957
967 914,929,970,1001,1014,1033,1064,1075
968 960,965,980,983
969 883,936,961,962,996
970 857,865,929,963,967,986,997,1004,1015,1033
971 915,948,978
972 857,879,949,974,986,991,998,999,1005
973 858,897,982,989
974 915,949,972,978,988,991
975 872,959,1013,1022
976 954,956,979,981
977 933,936,938,944,958,987,1054,1061
978 915,948,971,974,988,990
979 954,976,981
980 960,968,983
981 954,956,960,976,979,983,995,1031
982 858,923,973,989
983 960,968,980,981,994,995,1000,1002,1008,1019
984 922,950
985 943,952
986 857,970,972,997,998
987 923,936,977,996,1032,1056,1061,1073,1078,1080,1105,1126,1130,1136,1141
988 948,974,978,990,991
989 897,923,973,982,1007,1035,1050,1085,1097,1099
990 948,978,988
991 948,972,974,988,1005,1009,1045,1051,1121,1132,1148,1155
992 872,874
993 869,922,950
994 983,1002,1008,1011
995 981,983,1000,1031,1048
996 923,936,962,969,987,1032
997 970,986,998,1004,1015,1021
998 972,986,997,999,1009,1021
999 972,998,1005,1009
1000 983,995,1019,1048
1001 914,967,1014
1002 983,994,1011,1018,1023
1003 942,964,1006,1020,1024,1027,1055
1004 970,997,1015
1005 972,991,999,1009
1006 897,942,1003,1007,1027,1028
1007 897,989,1006,1028,1035
1008 983,994,1011,1018,1019,1037
1009 991,998,999,1005,1021,1044,1045
1010 872,874,1016,1017,1030
1011 994,1002,1008
1012 943,952,1038,1041,1081,1089,1091
1013 872,975,1017,1022,1026,1034
1014 914,967,1001
1015 970,997,1004,1021,1033,1042,1051
1016 874,950,1010,1029,1030
1017 872,1010,1013,1026,1030,1036
1018 1002,1008,1023,1037
1019 983,1000,1008,1037,1048,1052
1020 1003,1024,1055,1069,1070
1021 997,998,1009,1015,1045,1051
1022 975,1013,1034
1023 1002,1018,1037,1052,1068
1024 941,964,1003,1020,1053,1069
1025 948
1026 1013,1017,1034,1036
1027 1003,1006,1028,1055,1104
1028 1006,1007,1027,1035,1097,1104
1029 950,1016
1030 950,1010,1016,1017,1034,1036,1040,1072
1031 954,981,995,1048,1049,1052
1032 923,987,996,1043
1033 967,970,1015,1042,1062,1064
1034 1013,1022,1026,1030,1036,1072,1084,1114,1160,1173
1035 989,1007,1028,1050,1097
1036 1017,1026,1030,1034
1037 1008,1018,1019,1023,1052
1038 943,1012,1041
1039 909,918,1046
1040 918,950,1030,1047,1060,1072,1077,1108,1112
1041 943,1012,1038,1066,1067,1071,1081,1091,1095,1100,1101,1111
1042 1015,1033,1051,1062
1043 923,1032,1056
1044 1009,1045
1045 991,1009,1021,1044,1051
1046 909,918,1039,1074
1047 918,1040,1057,1077
1048 995,1000,1019,1031,1052
1049 941,954,1031,1052,1053,1063
1050 989,1035,1097
1051 991,1015,1021,1042,1045,1062,1087,1092,1148,1155,1157,1196,1222,1224,1227,1233
1052 1019,1023,1031,1037,1048,1049,1053,1063,1065,1068,1076,1115,1117,1119,1120,1124,1129,1145,1151,1162,1163,1169,1174,1185,1186,1194,1203
1053 941,1024,1049,1052,1063,1069,1070,1090,1115
1054 958,977,1061,1071
1055 1003,1020,1027,1070,1098,1104
1056 923,987,1043
1057 918,1047,1077
1058 948,1082
1059 769,948,1082,1093,1107
1060 950,1040
1061 977,987,1054,1071,1073,1080
1062 1033,1042,1051,1064,1087
1063 1049,1052,1053
1064 967,1033,1062,1075,1087,1088
1065 1052
1066 958,1041,1067,1071
1067 943,1041,1066
1068 1023,1052,1076,1103,1110
1069 1020,1024,1053,1070,1090
1070 1020,1053,1055,1069,1090,1098,1115
1071 958,1041,1054,1061,1066,1080,1100,1130,1139
1072 1030,1034,1040,1108,1116,1160,1167,1172,1199
1073 987,1061
1074 909,918,1046
1075 914,967,1064,1088,1127,1156
1076 1052,1068,1103,1117,1119,1120
1077 918,1040,1047,1057,1108
1078 987,1080,1130,1137
1079 948,1082,1083
1080 987,1061,1071,1078,1130,1134,1137
1081 1012,1041,1091
1082 948,1058,1059,1079,1083,1102,1107
1083 948,1079,1082,1096,1102,1107
1084 1034,1114,1180,1181
1085 923,989,1097,1099,1105,1126,1135,1140,1141,1152
1086 914,952,1089,1106,1123,1131,1146
1087 1051,1062,1064,1088,1092
1088 1064,1075,1087,1092,1127
1089 952,1012,1086,1091,1106
1090 1053,1069,1070
1091 1012,1041,1081,1089,1095,1100,1106,1118,1122
1092 1051,1087,1088,1127,1175,1179,1196,1216,1219
1093 769,1059
1094 923,1105
1095 1041,1091,1100,1101
1096 948,1083
1097 989,1028,1035,1050,1085,1099,1104,1113,1125,1135,1152
1098 1055,1070,1104,1113,1115,1138,1162,1178,1188,1191,1202,1214
1099 989,1085,1097,1140,1152
1100 1041,1071,1091,1095,1101,1111,1118,1122,1139,1147,1161,1165,1206
1101 1041,1095,1100,1111
1102 1082,1083,1107
1103 1068,1076,1110,1120,1124
1104 1027,1028,1055,1097,1098,1113
1105 923,987,1085,1094,1126
1106 1086,1089,1091,1122,1123
1107 769,948,1059,1082,1083,1102,1121,1132
1108 918,1040,1072,1077,1109,1112,1116,1133,1142,1143,1150,1172
1109 918,1108,1116
1110 1068,1103,1124,1128
1111 1041,1100,1101
1112 1040,1108
1113 1097,1098,1104,1125,1138,1176
1114 1034,1084,1173,1180
1115 1052,1053,1070,1098,1162
1116 918,1072,1108,1109,1133,1142,1150,1158,1159,1172,1177,1187,1199,1211,1237,1245,1264,1270,1273,1352
1117 1052,1076,1119,1129
1118 1091,1100,1122
1119 1052,1076,1117,1120
1120 1052,1076,1103,1119,1124
1121 948,991,1107,1132,1149
1122 1091,1100,1106,1118,1123,1147
1123 1086,1106,1122,1131,1146,1147,1153
1124 1052,1103,1110,1120,1128,1144,1151
1125 1097,1113,1135,1138,1164,1176,1189,1191,1192
1126 987,1085,1105,1141
1127 1075,1088,1092,1156,1175,1179,1210,1218
1128 1110,1124,1144
1129 1052,1117
1130 987,1071,1078,1080,1134,1136,1137,1139,1154,1171
1131 1086,1123
1132 769,991,1107,1121,1149,1155,1168,1205,1216,1218,1227,1241,1243,1244,1257,1258,1259,1260,1263,1266,1288
1133 1108,1116,1142
1134 1080,1130,1137
1135 1085,1097,1125,1141,1164,1184,1195,1215
1136 987,1130,1141,1154
1137 1078,1080,1130,1134
1138 1098,1113,1125,1176,1189,1191
1139 1071,1100,1130,1141,1161,1171,1206
1140 1085,1099,1152
1141 987,1085,1126,1135,1136,1139,1154,1171,1184,1206,1220
1142 1108,1116,1133,1143,1159
1143 1108,1142,1150,1159
1144 1124,1128,1151
1145 1052,1169,1174
1146 914,1086,1123,1153,1156
1147 1100,1122,1123,1153,1165
1148 991,1051,1155,1157
1149 1121,1132
1150 1108,1116,1143,1159,1172,1187
1151 1052,1124,1144,1185,1194,1246,1312,1325
1152 1085,1097,1099,1140
1153 1123,1146,1147,1156,1165,1170
1154 1130,1136,1141,1171
1155 991,1051,1132,1148,1157,1205,1222,1227,1266
1156 914,1075,1127,1146,1153,1170,1190,1210
1157 1051,1148,1155
1158 918,1116
1159 1116,1142,1143,1150
1160 1034,1072,1167,1173
1161 1100,1139
1162 1052,1098,1115,1163,1178,1188
1163 1052,1162,1169,1178,1182,1183,1186,1203,1204
1164 1125,1135,1192,1195
1165 1100,1147,1153,1170,1206,1207
1166 852,909
1167 1072,1160,1173,1199,1200
1168 1132
1169 1052,1145,1163,1174,1183
1170 1153,1156,1165,1190,1206,1207,1208,1209,1226
1171 1130,1139,1141,1154
1172 1072,1108,1116,1150,1187
1173 1034,1114,1160,1167,1180,1181,1200,1201,1213
1174 1052,1145,1169,1183,1186
1175 1092,1127
1176 1113,1125,1138,1189
1177 852,918,1116,1198,1211
1178 1098,1162,1163,1182,1188,1204,1214,1223,1235,1238
1179 1092,1127,1216,1218
1180 1084,1114,1173,1181
1181 1084,1173,1180,1201,1213,1217
1182 1163,1178,1204
1183 1163,1169,1174,1186
1184 1135,1141,1206,1215,1220,1236,1240,1271,1278,1285
1185 1052,1151,1194
1186 1052,1163,1174,1183,1203
1187 1116,1150,1172
1188 1098,1162,1178
1189 1125,1138,1176
1190 1156,1170,1209,1210
1191 1098,1125,1138,1192,1195,1202
1192 1125,1164,1191,1195
1193 852,1197,1212,1239
1194 1052,1151,1185,1203,1221,1228,1231,1232,1246
1195 1135,1164,1191,1192,1202,1215,1251,1254,1255,1279
1196 1051,1092,1216,1224
1197 852,1193
1198 852,1177,1211,1212,1245,1252,1267,1269,1273,1292,1305,1307,1318,1352
1199 1072,1116,1167,1200,1230,1237,1242,1270,1274,1286,1311,1406
1200 1167,1173,1199,1213,1242
1201 1173,1181,1213
1202 1098,1191,1195,1214,1251,1255,1277
1203 1052,1163,1186,1194,1204
1204 1163,1178,1182,1203,1221,1223
1205 1132,1155
1206 1100,1139,1141,1165,1170,1184,1207,1220,1226,1249,1256,1272,1278,1280,1281,1289,1295,1298
1207 1165,1170,1206
1208 1170,1209,1210,1226,1229
1209 1170,1190,1208,1210
1210 1127,1156,1190,1208,1209,1218,1225,1229
1211 1116,1177,1198,1245,1252,1268
1212 852,1193,1198
1213 1173,1181,1200,1201,1217,1230,1242
1214 1098,1178,1202,1238,1248,1276,1277,1284,1287
1215 1135,1184,1195,1236,1254
1216 1092,1132,1179,1196,1218,1219,1224,1234,1257,1263
1217 1181,1213,1230,1250
1218 1127,1132,1179,1210,1216,1229,1243
1219 1092,1216,1234
1220 1141,1184,1206
1221 1194,1204,1223,1228
1222 1051,1155,1227
1223 1178,1204,1221,1228,1235,1248
1224 1051,1196,1216,1233,1260,1263
1225 1210,1229
1226 1170,1206,1208,1229,1243,1249
1227 1051,1132,1155,1222,1233,1244
1228 1194,1221,1223,1231,1232,1247,1253
1229 1208,1210,1218,1225,1226,1243
1230 1199,1213,1217,1242,1250,1265,1274,1311
1231 1194,1228,1232,1246,1253,1261
1232 1194,1228,1231
1233 1051,1224,1227,1244,1258,1260
1234 1216,1219
1235 1178,1223,1238,1248
1236 1184,1215,1240,1254
1237 1116,1199
1238 1178,1214,1235,1248
1239 852,1193
1240 1184,1236,1254,1271,1291,1301,1333,1336,1350,1376,1380
1241 1132,1259,1288
1242 1199,1200,1213,1230,1265,1274
1243 1132,1218,1226,1229,1249,1262,1272,1282,1288,1296,1303,1307,1319,1337
1244 1132,1227,1233,1258
1245 1116,1198,1211,1268,1269,1297,1305,1352
1246 1151,1194,1231,1261,1283,1287,1312,1322,1325,1335,1342,1358,1370,1379,1390,1394,1412,1442,1459,1477
1247 1228,1248,1253
1248 1214,1223,1235,1238,1247,1253,1275,1276
1249 1206,1226,1243,1256,1262
1250 1217,1230
1251 1195,1202,1255
1252 1198,1211,1267,1268,1269
1253 1228,1231,1247,1248,1261,1275
1254 1195,1215,1236,1240,1279,1336
1255 1195,1202,1251,1277,1279
1256 1206,1249,1262,1272
1257 1132,1216,1263
1258 1132,1233,1244,1260
1259 1132,1241,1288
1260 1132,1224,1233,1258,1263
1261 1231,1246,1253,1275,1283
1262 1243,1249,1256,1272
1263 1132,1216,1224,1257,1260
1264 1116,1270,1273,1327,1340,1355
1265 1230,1242,1274
1266 1132,1155
1267 1198,1252,1269
1268 1211,1245,1252,1269
1269 1198,1245,1252,1267,1268,1297,1300,1305
1270 1116,1199,1264,1286,1327,1362,1365,1378,1386
1271 1184,1240,1285,1291,1301,1309
1272 1206,1243,1256,1262,1281,1282,1294,1302,1315,1330
1273 1116,1198,1264,1307,1352,1355,1378
1274 1199,1230,1242,1265
1275 1248,1253,1261,1276,1283
1276 1214,1248,1275,1283,1287
1277 1202,1214,1255,1279,1284,1293
1278 1184,1206,1285,1298
1279 1195,1254,1255,1277,1293,1324,1336,1344
1280 1206,1281,1289,1299
1281 1206,1272,1280,1294,1299,1317
1282 1243,1272,1302,1303
1283 1246,1261,1275,1276,1287
1284 1214,1277,1287,1293,1306,1313
1285 1184,1271,1278,1298,1301,1314,1320,1323
1286 1199,1270,1365,1386,1396,1406
1287 1214,1246,1276,1283,1284,1306,1308,1322,1335,1342
1288 769,1132,1241,1243,1259,1307
1289 1206,1280,1295,1299,1321
1290 852,1292
1291 1240,1271,1301,1309
1292 852,1198,1290
1293 1277,1279,1284,1313,1324
1294 1272,1281,1317,1330
1295 1206,1289,1298,1314,1321
1296 1243,1303,1319,1326,1332,1337,1339,1349,1351
1297 1245,1269,1300,1305
1298 1206,1278,1285,1295,1314
1299 1280,1281,1289,1317,1321
1300 1269,1297
1301 1240,1271,1285,1291,1309,1323,1333,1348,1350,1360
1302 1272,1282,1303,1315,1316
1303 1243,1282,1296,1302,1316,1326,1334,1346,1347
1304 769,1310
1305 1198,1245,1269,1297
1306 1284,1287,1308,1313
1307 769,852,1198,1243,1273,1288,1310,1318,1337,1359,1364,1375,1378,1392,1400,1401,1413,1424,1431,1435,1439,1451
1308 1287,1306,1313,1322,1336,1343,1344,1370,1390,1408,1464
1309 1271,1291,1301
1310 769,852,1304,1307
1311 1199,1230,1328,1341,1353,1406,1417,1425
1312 1151,1246
1313 1284,1293,1306,1308,1324,1329,1343
1314 1285,1295,1298,1320,1321,1323,1348,1367
1315 1272,1302,1316,1330,1331
1316 1302,1303,1315,1331,1334
1317 1281,1294,1299,1321,1330,1338
1318 852,1198,1307
1319 1243,1296
1320 1285,1314,1323
1321 1289,1295,1299,1314,1317,1338,1345,1356,1367,1368,1371,1384,1405
1322 1246,1287,1308,1342,1358,1370
1323 1285,1301,1314,1320,1348
1324 1279,1293,1313,1329,1344
1325 1151,1246,1379,1398,1399
1326 1296,1303,1332,1346,1347,1357,1372,1374,1377
1327 1264,1270,1340,1355,1362
1328 1311,1341
1329 1313,1324,1343,1344,1354
1330 1272,1294,1315,1317,1331,1338,1356,1368,1391
1331 1315,1316,1330,1334,1368,1391,1418
1332 1296,1326,1339,1357,1388
1333 1240,1301,1350
1334 1303,1316,1331,1346,1361,1414,1418,1426,1441,1449,1458,1465,1466,1476,1486,1535,1539,1565,1566
1335 1246,1287,1342
1336 1240,1254,1279,1308,1344,1380,1408
1337 1243,1296,1307,1349,1363,1364,1369
1338 1317,1321,1330,1345,1356
1339 1296,1332,1349,1351,1388,1437,1444,1455,1482,1513
1340 1264,1327,1355
1341 1311,1328,1353
1342 1246,1287,1322,1335,1358
1343 1308,1313,1329,1344,1354
1344 1279,1308,1324,1329,1336,1343,1354
1345 1321,1338,1356
1346 1303,1326,1334,1347,1361,1372,1374,1403
1347 1303,1326,1346
1348 1301,1314,1323,1360,1367,1373,1383,1385
1349 1296,1337,1339,1369,1375,1382,1407,1513,1520,1551,1572,1600,1609,1657,1658,1671
1350 1240,1301,1333,1360,1366,1376
1351 1296,1339
1352 1116,1198,1245,1273
1353 1311,1341,1389,1419,1425,1433
1354 1329,1343,1344
1355 1264,1273,1327,1340,1362,1378
1356 1321,1330,1338,1345,1368
1357 1326,1332,1377,1388
1358 1246,1322,1342
1359 1307,1364,1375
1360 1301,1348,1350,1366,1373
1361 1334,1346,1403,1414
1362 1270,1327,1355,1378
1363 1337,1364,1369
1364 1307,1337,1359,1363,1369,1375
1365 1270,1286
1366 1350,1360,1373,1376,1381
1367 1314,1321,1348,1383,1385,1405,1411,1415,1416,1420,1421,1428
1368 1321,1330,1331,1356,1384,1391,1418
1369 1337,1349,1363,1364,1375,1382
1370 1246,1308,1322,1390
1371 1321,1405
1372 1326,1346,1374
1373 1348,1360,1366,1381,1383,1409,1411
1374 1326,1346,1372,1377,1403,1455,1467,1478,1496,1527
1375 1307,1349,1359,1364,1369,1382,1397,1400,1404,1407,1423,1427,1430,1440,1450,1463,1470,1500,1502,1503,1515
1376 1240,1350,1366,1380,1381,1387,1402
1377 1326,1357,1374,1388,1422,1455
1378 1270,1273,1307,1355,1362,1386,1392,1395,1396,1401
1379 1246,1325,1393,1399
1380 1240,1336,1376,1402,1408,1409,1410,1457,1469,1475
1381 1366,1373,1376,1387,1409
1382 1349,1369,1375
1383 1348,1367,1373,1385,1411
1384 1321,1368,1405,1418,1426,1432
1385 1348,1367,1383
1386 1270,1286,1378,1396
1387 1376,1381,1402,1409,1410
1388 1332,1339,1357,1377,1422,1429,1436,1437,1444
1389 1353,1419,1425,1433
1390 1246,1308,1370,1442,1464,1471
1391 1330,1331,1368
1392 1307,1378,1395,1396,1401,1413
1393 1379,1394,1399
1394 1246,1393,1399,1412,1447,1459,1484,1490,1491,1505
1395 1378,1392,1396
1396 1286,1378,1386,1392,1395,1406,1413,1417,1424,1445,1446
1397 1375,1404
1398 1325,1399,1550,1578,1590
1399 1325,1379,1393,1394,1398,1447,1461,1487,1522,1542,1550
1400 1307,1375,1431,1434,1438,1483,1489,1497,1503,1507
1401 1307,1378,1392
1402 1376,1380,1387,1410
1403 1346,1361,1374,1414,1449,1467
1404 1375,1397,1423,1427,1430,1470
1405 1321,1367,1371,1384,1416,1426
1406 1199,1286,1311,1396,1417
1407 1349,1375,1440,1450,1514,1520
1408 1308,1336,1380,1457,1464,1485,1516
1409 1373,1380,1381,1387,1410,1411,1453,1469
1410 1380,1387,1402,1409
1411 1367,1373,1383,1409,1415,1420,1453,1472,1481,1501
1412 1246,1394
1413 1307,1392,1396,1424
1414 1334,1361,1403,1449
1415 1367,1411,1420,1428
1416 1367,1405,1421,1426
1417 1311,1396,1406,1425,1446,1452,1468
1418 1331,1334,1368,1384,1432,1441,1448,1454,1460,1465
1419 1353,1389,1425,1474,1504
1420 1367,1411,1415,1421,1428,1443,1462,1481
1421 1367,1416,1420,1426,1443
1422 1377,1388,1429,1444,1455
1423 1375,1404,1427
1424 1307,1396,1413,1445,1451
1425 1311,1353,1389,1417,1419,1433,1468,1474
1426 1334,1384,1405,1416,1421,1432,1443,1460,1465,1532,1565,1664,1672,1682,1692
1427 1375,1404,1423,1463,1470,1502,1525,1531,1537
1428 1367,1415,1420
1429 1388,1422,1444
1430 1375,1404,1470
1431 1307,1400,1435,1489
1432 1384,1418,1426,1448,1460
1433 1353,1389,1425
1434 1400,1438
1435 1307,1431,1439,1489
1436 1388,1437
1437 1339,1388,1436,1444
1438 1400,1434,1483
1439 1307,1435,1451,1489,1704,1721
1440 1375,1407,1450
1441 1334,1418,1465,1476
1442 1246,1390,1471,1477,1480
1443 1420,1421,1426,1462,1488,1506,1532
1444 1339,1388,1422,1429,1437,1455
1445 1396,1424,1446,1451,1456
1446 1396,1417,1445,1452,1456
1447 1394,1399,1461,1505
1448 1418,1432,1454,1460
1449 1334,1403,1414,1458,1466,1467
1450 1375,1407,1440,1502,1509,1514,1521,1524
1451 1307,1424,1439,1445,1456,1510,1679,1721,1729,1730
1452 1417,1446,1456,1468,1473,1504,1536,1541
1453 1409,1411,1469,1472
1454 1418,1448,1460
1455 1339,1374,1377,1422,1444,1478,1482
1456 1445,1446,1451,1452,1473,1510,1533,1541,1568,1573,1581,1585,1589
1457 1380,1408,1475,1485
1458 1334,1449,1466
1459 1246,1394,1477,1479,1484
1460 1418,1426,1432,1448,1454,1465
1461 1399,1447,1487,1505,1511,1522,1526
1462 1420,1443,1481,1488,1493,1494,1495
1463 1375,1427,1500,1531
1464 1308,1390,1408,1471,1480,1499,1516
1465 1334,1418,1426,1441,1460,1476
1466 1334,1449,1458,1467,1486
1467 1374,1403,1449,1466,1486,1527
1468 1417,1425,1452,1474,1504
1469 1380,1409,1453,1472,1475,1517
1470 1375,1404,1427,1430
1471 1390,1442,1464,1480
1472 1411,1453,1469,1501,1517,1548,1560,1564
1473 1452,1456
1474 1419,1425,1468,1504
1475 1380,1457,1469,1485,1517
1476 1334,1441,1465
1477 1246,1442,1459,1479,1480,1492,1498,1499
1478 1374,1455,1482,1496
1479 1459,1477,1484,1492,1498
1480 1442,1464,1471,1477,1499
1481 1411,1420,1462,1493,1501
1482 1339,1455,1478,1496,1513,1530,1540,1551,1554,1555,1572,1583,1584
1483 1400,1438,1497,1507,1529,1556,1598,1611,1612,1638,1640,1648,1654
1484 1394,1459,1479,1490,1498,1499,1508,1552,1557,1571
1485 1408,1457,1475,1516,1517,1534,1544,1575
1486 1334,1466,1467,1519,1527,1535,1545,1549
1487 1399,1461,1511,1522
1488 1443,1462,1495,1506
1489 1400,1431,1435,1439,1497,1598,1638,1648,1654,1696,1704,1721,1723
1490 1394,1484,1491,1508
1491 1394,1490,1505,1508
1492 1477,1479,1498
1493 1462,1481,1494
1494 1462,1493,1495,1501,1512
1495 1462,1488,1494,1506,1512,1518
1496 1374,1478,1482,1527,1530,1545,1554
1497 1400,1483,1489,1598
1498 1477,1479,1484,1492,1499
1499 1464,1477,1480,1484,1498,1516,1534,1552,1558,1559,1580
1500 1375,1463,1515,1531
1501 1411,1472,1481,1494,1512,1523,1553,1560
1502 1375,1427,1450,1509,1525
1503 1375,1400,1507,1515,1528,1529
1504 1419,1452,1468,1474,1536,1543
1505 1394,1447,1461,1491,1508,1522,1526,1542
1506 1443,1488,1495,1518,1532,1560,1596,1621,1626,1663,1677,1682
1507 1400,1483,1503,1529
1508 1484,1490,1491,1505,1542,1571
1509 1450,1502,1524,1525
1510 1451,1456,1533,1547,1656,1666,1730,1741
1511 1461,1487,1522
1512 1494,1495,1501,1518,1523
1513 1339,1349,1482,1551
1514 1407,1450,1520,1521,1524
1515 1375,1500,1503,1528,1531,1538
1516 1408,1464,1485,1499,1534
1517 1469,1472,1475,1485,1548,1575,1591
1518 1495,1506,1512,1523,1560,1596
1519 1486,1535,1539,1549,1561
1520 1349,1407,1514,1524,1600
1521 1450,1514,1524
1522 1399,1461,1487,1505,1511,1526,1542
1523 1501,1512,1518,1553,1560
1524 1450,1509,1514,1520,1521,1525,1562,1567,1597,1600
1525 1427,1502,1509,1524,1537,1562,1567
1526 1461,1505,1522
1527 1374,1467,1486,1496,1545
1528 1503,1515,1529,1538,1546
1529 1483,1503,1507,1528,1538,1546,1556,1562,1563,1614,1627,1636,1638,1652,1661,1662,1665,1679,1694,1700
1530 1482,1496
1531 1427,1463,1500,1515,1537,1538,1563,1587
1532 1426,1443,1506,1663,1682
1533 1456,1510,1547,1568
1534 1485,1499,1516,1544,1559
1535 1334,1486,1519,1539
1536 1452,1504,1541
1537 1427,1525,1531,1562,1587
1538 1515,1528,1529,1531,1546,1563
1539 1334,1519,1535,1561,1566
1540 1482,1572,1584
1541 1452,1456,1536,1543,1573
1542 1399,1505,1508,1522,1550,1570,1574,1578,1579
1543 1504,1541,1573,1585,1605,1641,1645
1544 1485,1534,1559,1575,1586,1591,1599
1545 1486,1496,1527,1549,1554,1569
1546 1528,1529,1538
1547 1510,1533,1568,1645,1646,1656
1548 1472,1517,1564,1576,1577,1591,1592,1595,1619,1631,1682
1549 1486,1519,1545,1561,1569
1550 1398,1399,1542,1578
1551 1349,1482,1513,1555,1572
1552 1484,1499,1557,1558
1553 1501,1523,1560
1554 1482,1496,1545,1569,1583
1555 1482,1551,1572
1556 1483,1529,1610,1611,1614
1557 1484,1552,1558,1571,1574,1606,1613
1558 1499,1552,1557,1580,1603,1613,1617,1618,1622
1559 1499,1534,1544,1580,1586,1599,1603
1560 1472,1501,1506,1518,1523,1553,1564,1582,1596,1626,1677,1682,1686
1561 1519,1539,1549,1566,1569,1594,1602,1604,1629,1644
1562 1524,1525,1529,1537,1563,1567,1587,1597,1601,1608,1615,1636,1651,1661,1662
1563 1529,1531,1538,1562,1587,1636
1564 1472,1548,1560,1577,1582
1565 1334,1426,1566,1604,1616,1624,1642,1655,1664,1672
1566 1334,1539,1561,1565,1602,1604
1567 1524,1525,1562
1568 1456,1533,1547,1581,1588,1641,1646
1569 1545,1549,1554,1561,1583,1594,1607
1570 1542,1571,1574
1571 1484,1508,1557,1570,1574
1572 1349,1482,1540,1551,1555,1584,1609,1620,1630,1635
1573 1456,1541,1543,1585
1574 1542,1557,1570,1571,1578,1579,1590,1606,1613,1628,1632,1633
1575 1485,1517,1544,1591
1576 1548,1577,1592,1593
1577 1548,1564,1576,1582,1593
1578 1398,1542,1550,1574,1579,1590
1579 1542,1574,1578
1580 1499,1558,1559
1581 1456,1568,1588,1589
1582 1560,1564,1577,1592,1593,1686
1583 1482,1554,1569,1584,1607,1635,1639,1673
1584 1482,1540,1572,1583,1630,1634,1635
1585 1456,1543,1573,1588,1589,1641
1586 1544,1559,1599
1587 1531,1537,1562,1563
1588 1568,1581,1585,1589,1641
1589 1456,1581,1585,1588
1590 1398,1574,1578
1591 1517,1544,1548,1575,1599,1619
1592 1548,1576,1582,1593,1595,1623,1631,1676,1682,1686,1689
1593 1576,1577,1582,1592
1594 1561,1569,1607,1639
1595 1548,1592,1623,1631
1596 1506,1518,1560,1621,1626
1597 1524,1562,1600,1608,1661
1598 1483,1489,1497,1640,1648
1599 1544,1559,1586,1591,1603,1619,1625
1600 1349,1520,1524,1597,1657,1660,1661
1601 1562,1608
1602 1561,1566,1604
1603 1558,1559,1599,1618,1622,1625
1604 1561,1565,1566,1602,1616,1624,1629
1605 1543,1645,1706,1707
1606 1557,1574,1613
1607 1569,1583,1594,1639
1608 1562,1597,1601,1615,1651
1609 1349,1572,1620,1635,1647,1659,1671,1683,1684,1715
1610 1556,1611,1614,1638
1611 1483,1556,1610,1612,1638
1612 1483,1611,1638
1613 1557,1558,1574,1606,1617,1622,1632,1633,1650,1667,1681,1690,1691,1699
1614 1529,1556,1610,1627,1637,1638
1615 1562,1608,1651
1616 1565,1604,1624
1617 1558,1613,1622
1618 1558,1603,1622
1619 1548,1591,1599,1622,1625,1649,1682,1698
1620 1572,1609,1635,1647
1621 1506,1596,1626
1622 1558,1603,1613,1617,1618,1619,1625,1649,1650
1623 1592,1595,1631
1624 1565,1604,1616,1629,1642,1643,1644,1678,1687,1688,1703,1709,1714,1715
1625 1599,1603,1619,1622
1626 1506,1560,1596,1621
1627 1529,1614,1637
1628 1574,1632,1633
1629 1561,1604,1624,1643
1630 1572,1584,1634,1635
1631 1548,1592,1595,1623,1676,1682
1632 1574,1613,1628,1633
1633 1574,1613,1628,1632,1667,1711,1725
1634 1584,1630,1635
1635 1572,1583,1584,1609,1620,1630,1634,1647,1659,1673,1683
1636 1529,1562,1563
1637 1614,1627,1638
1638 1483,1489,1529,1610,1611,1612,1614,1637,1652,1654,1679,1695,1696
1639 1583,1594,1607,1644,1673
1640 1483,1598,1648
1641 1543,1568,1585,1588,1645,1646,1653
1642 1565,1624,1655,1678
1643 1624,1629,1644
1644 1561,1624,1639,1643,1673,1688
1645 1543,1547,1605,1641,1646,1656,1669,1670,1674,1680,1706,1710
1646 1547,1568,1641,1645
1647 1609,1620,1635
1648 1483,1489,1598,1640,1654
1649 1619,1622,1650,1675,1690,1698
1650 1613,1622,1649,1675,1690,1691
1651 1562,1608,1615
1652 1529,1638,1679
1653 1641
1654 1483,1489,1638,1648
1655 1565,1642,1672,1678,1687
1656 1510,1547,1645,1666,1669
1657 1349,1600,1658,1660
1658 1349,1657,1668,1671
1659 1609,1635,1683
1660 1600,1657,1661,1668
1661 1529,1562,1597,1600,1660,1662,1668,1671,1700,1716,1722,1739,1740,1747,1752
1662 1529,1562,1661
1663 1506,1532,1682
1664 1426,1565,1672
1665 1529,1679
1666 1510,1656,1669,1670,1708,1737,1741,1770,1771,1778
1667 1613,1633,1681,1701,1711
1668 1658,1660,1661,1671
1669 1645,1656,1666,1670
1670 1645,1666,1669,1674,1685,1693,1705,1708
1671 1349,1609,1658,1661,1668,1684,1722,1727,1743,1751
1672 1426,1565,1655,1664,1687,1692
1673 1583,1635,1639,1644,1683,1688,1703
1674 1645,1670,1680,1685,1693
1675 1649,1650,1690
1676 1592,1631,1682
1677 1506,1560,1682
1678 1624,1642,1655,1687
1679 1451,1529,1638,1652,1665,1694,1695,1696,1700,1716,1723,1729,1730,1740,1741,1770,1784,1804,1810,1811,1819,1823
1680 1645,1674,1693,1710,1713,1724,1759,1789,1794
1681 1613,1667,1699,1701,1702
1682 1426,1506,1532,1548,1560,1592,1619,1631,1663,1676,1677,1686,1689,1690,1692,1698,1712,1728,1731,1733,1745
1683 1609,1635,1659,1673,1703,1715,1718
1684 1609,1671,1715,1727
1685 1670,1674,1693
1686 1560,1582,1592,1682
1687 1624,1655,1672,1678,1692,1714
1688 1624,1644,1673,1703
1689 1592,1682
1690 1613,1649,1650,1675,1682,1691,1697,1698,1699,1711,1719,1720,1725,1733,1734,1735,1757,1761,1762,1772,1790
1691 1613,1650,1690,1697
1692 1426,1672,1682,1687,1712,1714,1726,1732,1748
1693 1670,1674,1680,1685,1705,1794
1694 1529,1679,1700
1695 1638,1679
1696 1489,1638,1679,1723
1697 1690,1691
1698 1619,1649,1682,1690
1699 1613,1681,1690,1701,1702,1711
1700 1529,1661,1679,1694,1716
1701 1667,1681,1699,1702,1711
1702 1681,1699,1701
1703 1624,1673,1683,1688,1709,1715
1704 1439,1489,1721
1705 1670,1693,1708,1737,1770,1778,1794
1706 1605,1645,1707,1710,1717,1724
1707 1605,1706,1724,1766,1770,1779,1859
1708 1666,1670,1705,1737
1709 1624,1703,1715
1710 1645,1680,1706,1717,1724
1711 1633,1667,1690,1699,1701,1725
1712 1682,1692,1728,1746,1748
1713 1680,1724,1744,1759
1714 1624,1687,1692,1715,1726,1736,1738
1715 1609,1624,1683,1684,1703,1709,1714,1718,1727,1736,1738,1749,1750,1755,1763,1774,1780,1788,1798,1808
1716 1661,1679,1700,1740
1717 1706,1710,1724
1718 1683,1715
1719 1690,1720,1735,1742
1720 1690,1719,1733,1742,1758
1721 1439,1451,1489,1704,1723,1729
1722 1661,1671,1743,1747
1723 1489,1679,1696,1721,1729
1724 1680,1706,1707,1710,1713,1717,1744,1756,1766
1725 1633,1690,1711,1790
1726 1692,1714,1732,1738
1727 1671,1684,1715,1751,1755
1728 1682,1712,1731,1746
1729 1451,1679,1721,1723
1730 1451,1510,1679,1741
1731 1682,1728,1745,1746,1754,1767,1768
1732 1692,1726,1738,1748
1733 1682,1690,1720,1745,1758,1773,1785,1786
1734 1690,1735,1753,1757,1764,1796
1735 1690,1719,1734,1742,1753
1736 1714,1715,1738
1737 1666,1705,1708,1771,1778
1738 1714,1715,1726,1732,1736,1748,1780,1862
1739 1661,1740,1752,1765,1769
1740 1661,1679,1716,1739,1769,1784,1799
1741 1510,1666,1679,1730,1770
1742 1719,1720,1735,1753,1758
1743 1671,1722,1747,1751,1752,1755,1821,1840,1855,1878,1907,1933,1964,1965
1744 1713,1724,1759,1760,1766
1745 1682,1731,1733,1767,1773
1746 1712,1728,1731,1748,1768,1775,1776
1747 1661,1722,1743,1752
1748 1692,1712,1732,1738,1746,1776,1793,1824,1833,1862
1749 1715,1750,1763,1781
1750 1715,1749,1755,1781,1827,1831,1834,1840
1751 1671,1727,1743,1755
1752 1661,1739,1743,1747,1765,1777,1855
1753 1734,1735,1742,1758,1764,1785,1814,1881,1886,1943,1962,1968,1986,1987,1990,2021,2024,2025
1754 1731,1767,1768,1791,1805,1806
1755 1715,1727,1743,1750,1751,1821,1831,1840
1756 1724,1766
1757 1690,1734,1761,1762,1783,1796,1801
1758 1720,1733,1742,1753,1785
1759 1680,1713,1744,1760,1779,1789
1760 1744,1759,1766,1779
1761 1690,1757,1762,1772,1782,1783
1762 1690,1757,1761
1763 1715,1749,1774,1781
1764 1734,1753,1796,1802,1814
1765 1739,1752,1769,1777
1766 1707,1724,1744,1756,1760,1779
1767 1731,1745,1754,1773,1785,1787,1791,1809,1812
1768 1731,1746,1754,1775,1792,1797,1806
1769 1739,1740,1765,1777,1784,1795,1803
1770 1666,1679,1705,1707,1741,1778,1779,1789,1794,1819,1856,1859,1873,1874,1880
1771 1666,1737,1778
1772 1690,1761,1782,1783,1790,1800,1807,1813,1820,1826
1773 1733,1745,1767,1785,1786,1787
1774 1715,1763,1781,1808,1818
1775 1746,1768,1776,1792
1776 1746,1748,1775,1793
1777 1752,1765,1769,1795,1803,1822,1849,1855,1869
1778 1666,1705,1737,1770,1771
1779 1707,1759,1760,1766,1770,1789,1859
1780 1715,1738,1788,1837,1845,1862,1924,1937,1978,1995,2000,2005
1781 1749,1750,1763,1774,1818,1827,1837,1846,1854
1782 1761,1772,1783
1783 1757,1761,1772,1782,1801,1813,1815
1784 1679,1740,1769,1799,1803,1811,1816,1817,1822,1842,1865
1785 1733,1753,1758,1767,1773,1786,1787,1809,1836,1945,1962,1968,1976,1982
1786 1733,1773,1785
1787 1767,1773,1785
1788 1715,1780,1798,1845
1789 1680,1759,1770,1779,1794
1790 1690,1725,1772,1800
1791 1754,1767,1805,1812
1792 1768,1775,1793,1797,1825
1793 1748,1776,1792,1824,1825,1832
1794 1680,1693,1705,1770,1789
1795 1769,1777,1803
1796 1734,1757,1764,1801,1802,1814,1830,1839,1843
1797 1768,1792,1806,1825
1798 1715,1788,1808,1837,1845
1799 1740,1784
1800 1772,1790,1820,1826,1835,1860
1801 1757,1783,1796,1815,1830,1843
1802 1764,1796
1803 1769,1777,1784,1795,1822
1804 1679,1810,1823,1828
1805 1754,1791,1806,1812,1825
1806 1754,1768,1797,1805,1825
1807 1772,1820,1826
1808 1715,1774,1798,1818,1837
1809 1767,1785,1812,1825,1836
1810 1679,1804,1811,1817,1828,1842
1811 1679,1784,1810,1816,1817
1812 1767,1791,1805,1809,1825
1813 1772,1783,1815,1820,1829
1814 1753,1764,1796,1839,1853,1886,1943
1815 1783,1801,1813,1829,1838,1843
1816 1784,1811,1817
1817 1784,1810,1811,1816,1842
1818 1774,1781,1808,1837
1819 1679,1770,1823,1848,1852,1856
1820 1772,1800,1807,1813,1826,1829,1835
1821 1743,1755,1840
1822 1777,1784,1803,1841,1849,1850,1865,1870,1883,1893,1910,1926
1823 1679,1804,1819,1828,1847,1848,1861
1824 1748,1793,1825,1832,1833
1825 1792,1793,1797,1805,1806,1809,1812,1824,1832,1833,1836,1844
1826 1772,1800,1807,1820
1827 1750,1781,1840,1846
1828 1804,1810,1823,1842,1847,1939,1950,1958,1959
1829 1813,1815,1820,1835,1838,1851,1860
1830 1796,1801,1843
1831 1750,1755,1834,1840
1832 1793,1824,1825
1833 1748,1824,1825,1844,1862,1864
1834 1750,1831,1840
1835 1800,1820,1829,1860
1836 1785,1809,1825,1844,1857,1866,1898,1923,1934,1945,1948
1837 1780,1781,1798,1808,1818,1845,1854,1890,1903,1924
1838 1815,1829,1843,1851,1858
1839 1796,1814,1843,1853
1840 1743,1750,1755,1821,1827,1831,1834,1846,1868,1872,1878
1841 1822,1850,1865,1883
1842 1784,1810,1817,1828,1865,1904,1908,1950
1843 1796,1801,1815,1830,1838,1839,1853,1858,1871,1875
1844 1825,1833,1836,1862,1864,1866,1897,1898,1913,1914
1845 1780,1788,1798,1837
1846 1781,1827,1840,1854,1868,1872
1847 1823,1828,1861,1876,1891,1902,1939
1848 1819,1823,1852,1861,1863,1876,1888,1896
1849 1777,1822,1855,1869,1893,1900
1850 1822,1841
1851 1829,1838,1858
1852 1819,1848,1856,1863
1853 1814,1839,1843,1875,1886,1889
1854 1781,1837,1846,1872,1890,1892,1903,1905,1909
1855 1743,1752,1777,1849,1869,1900,1928,1956,1964
1856 1770,1819,1852,1863,1867,1873,1880,1884,1885,1887,1888
1857 1836
1858 1838,1843,1851,1860,1871
1859 1707,1770,1779
1860 1800,1829,1835,1858,1871,1875,1877,1881,1882
1861 1823,1847,1848,1876
1862 1738,1748,1780,1833,1844,1864,1914,1927,1947,1951,1977,1993,1995,2004
1863 1848,1852,1856,1887,1888
1864 1833,1844,1862
1865 1784,1822,1841,1842,1870,1883,1895,1901,1904,1908
1866 1836,1844
1867 1856,1884,1888,1902
1868 1840,1846,1872
1869 1777,1849,1855
1870 1822,1865
1871 1843,1858,1860,1875
1872 1840,1846,1854,1868,1878,1892,1894,1899
1873 1770,1856,1880
1874 1770,1879
1875 1843,1853,1860,1871,1877,1881,1886,1889,1917
1876 1847,1848,1861,1891,1896
1877 1860,1875,1881,1882
1878 1743,1840,1872,1894,1899,1907,1932,1933,1936,1954,1974,1975
1879 1874,1880,1961,2012
1880 1770,1856,1873,1879,1884,1920,1931,1961,1984
1881 1753,1860,1875,1877,1882,1886,1917
1882 1860,1877,1881
1883 1822,1841,1865,1895,1901,1910,1916,1926
1884 1856,1867,1880,1885,1902,1920,1931
1885 1856,1884
1886 1753,1814,1853,1875,1881,1889,1917
1887 1856,1863,1888
1888 1848,1856,1863,1867,1887,1896,1902,1921,1930,1940,1942,1944
1889 1853,1875,1886
1890 1837,1854,1903
1891 1847,1876,1896,1902,1912
1892 1854,1872,1894,1905,1909,1932
1893 1822,1849,1900,1906,1915,1926,1928,1938,1956,1957,1972,1980,1981
1894 1872,1878,1892,1899,1932
1895 1865,1883,1901
1896 1848,1876,1888,1891,1902,1912,1930
1897 1844,1898
1898 1836,1844,1897,1913,1923,1925,1934,1941,1949
1899 1872,1878,1894
1900 1849,1855,1893,1906,1915,1922,1928
1901 1865,1883,1895,1904,1911,1916
1902 1847,1867,1884,1888,1891,1896,1912,1930,1931,1935,1939,1940,1944,1967,1970,1971,1973
1903 1837,1854,1890,1909,1918,1919,1924,1969,1979
1904 1842,1865,1901,1908,1911,1916,1926,1929,1950,1952
1905 1854,1892,1909
1906 1893,1900,1915
1907 1743,1878
1908 1842,1865,1904
1909 1854,1892,1903,1905,1918,1932,1954,1969
1910 1822,1883,1926
1911 1901,1904,1916
1912 1891,1896,1902
1913 1844,1898,1914,1927,1946,1949
1914 1844,1862,1913,1927
1915 1893,1900,1906,1922,1928,1938
1916 1883,1901,1904,1911,1926,1929
1917 1875,1881,1886
1918 1903,1909,1919,1969
1919 1903,1918,1969
1920 1880,1884,1931
1921 1888,1930,1942
1922 1900,1915,1928
1923 1836,1898,1925,1934
1924 1780,1837,1903,1937,1978,1979,1996,2001,2005
1925 1898,1923,1934,1941
1926 1822,1883,1893,1904,1910,1916,1929,1952,1957,1966
1927 1862,1913,1914,1946,1947,1949,1951
1928 1855,1893,1900,1915,1922,1938,1956
1929 1904,1916,1926
1930 1888,1896,1902,1921,1942,1944
1931 1880,1884,1902,1920,1935,1970,1984,1988
1932 1878,1892,1894,1909,1954
1933 1743,1878,1936,1955,1963,1965
1934 1836,1898,1923,1925,1941,1945,1948,1949,1953
1935 1902,1931,1970
1936 1878,1933,1955,1963,1972,1975
1937 1780,1924
1938 1893,1915,1928
1939 1828,1847,1902,1960,1967
1940 1888,1902,1944
1941 1898,1925,1934
1942 1888,1921,1930,1944
1943 1753,1814
1944 1888,1902,1930,1940,1942
1945 1785,1836,1934,1948,1949,1953,1982
1946 1913,1927,1949
1947 1862,1927,1951
1948 1836,1934,1945,1953
1949 1898,1913,1927,1934,1945,1946,1951,1976,1982,1983,1997,2038,2040,2046
1950 1828,1842,1904,1958,1959,1966
1951 1862,1927,1947,1949,1977,1983,1993
1952 1904,1926,1966
1953 1934,1945,1948
1954 1878,1909,1932,1969,1974,1989
1955 1933,1936,1963
1956 1855,1893,1928,1964,1972,1980
1957 1893,1926,1966,1981
1958 1828,1950,1959
1959 1828,1950,1958,1960,1966,1972,1973,1981,1985,2006,2010,2022
1960 1939,1959,1967,1973
1961 1879,1880,1984,1992,2009,2011,2012
1962 1753,1785,1968
1963 1933,1936,1955,1965,1972
1964 1743,1855,1956,1965,1972
1965 1743,1933,1963,1964,1972
1966 1926,1950,1952,1957,1959,1981,1985,2006
1967 1902,1939,1960,1973
1968 1753,1785,1962,1976,1987
1969 1903,1909,1918,1919,1954,1979,1989
1970 1902,1931,1935,1971,1973,1988,1991,1994
1971 1902,1970
1972 1893,1936,1956,1959,1963,1964,1965,1975,1980,1981,1999,2014,2022,2023
1973 1902,1959,1960,1967,1970,1994,2007,2019,2022,2030
1974 1878,1954,1975,1989,1998,2014,2015
1975 1878,1936,1972,1974,1998,1999
1976 1785,1949,1968,1982,1987,2040,2043,2056,2058,2086
1977 1862,1951,1993
1978 1780,1924,1996,2005
1979 1903,1924,1969,1989,2001
1980 1893,1956,1972
1981 1893,1957,1959,1966,1972,1985,2010
1982 1785,1945,1949,1976
1983 1949,1951,1993,1997,2003,2004,2017,2027,2032
1984 1880,1931,1961,1988,1991,2008,2009
1985 1959,1966,1981,2006,2010
1986 1753,1987,1990,2002,2013,2021,2029,2031
1987 1753,1968,1976,1986,2002,2043
1988 1931,1970,1984,1991
1989 1954,1969,1974,1979,2001,2015,2028
1990 1753,1986
1991 1970,1984,1988,1994,2007,2008,2020,2037
1992 1961,2009,2011
1993 1862,1951,1977,1983,2003
1994 1970,1973,1991,2007
1995 1780,1862,2000,2004,2018
1996 1924,1978,2005
1997 1949,1983,2032,2038
1998 1974,1975,1999,2014
1999 1972,1975,1998,2014
2000 1780,1995,2005,2018
2001 1924,1979,1989,2005,2015,2018,2026,2028,2033,2035,2039,2052
2002 1986,1987,2013,2043
2003 1983,1993,2004
2004 1862,1983,1995,2003,2017,2018
2005 1780,1924,1978,1996,2000,2001,2018,2026,2039
2006 1959,1966,1985
2007 1973,1991,1994,2019,2037,2041,2045
2008 1984,1991,2009,2020
2009 1961,1984,1992,2008,2011,2016,2020
2010 1959,1981,1985
2011 1961,1992,2009,2012,2016,2020,2041,2051
2012 1879,1961,2011,2041,2051,2080,2084
2013 1986,2002,2031,2043
2014 1972,1974,1998,1999,2015,2022,2033,2034,2036
2015 1974,1989,2001,2014,2028,2033,2035
2016 2009,2011,2020
2017 1983,2004,2018,2027
2018 1995,2000,2001,2004,2005,2017,2027,2039,2049,2052
2019 1973,2007,2030,2041,2045
2020 1991,2008,2009,2011,2016,2037,2041
2021 1753,1986,2025,2029
2022 1959,1972,1973,2014,2023,2030,2036,2041,2047,2048,2050,2054
2023 1972,2022
2024 1753,2025,2042
2025 1753,2021,2024,2029
2026 2001,2005
2027 1983,2017,2018,2032,2044,2049,2053
2028 1989,2001,2015,2035
2029 1986,2021,2025,2031,2042,2057
2030 1973,2019,2022,2041
2031 1986,2013,2029,2042,2043,2058,2062,2066
2032 1983,1997,2027,2038,2053
2033 2001,2014,2015,2034,2050,2052,2055,2064,2068,2074,2078,2081,2087,2090,2094,2097,2098,2101,2104,2107,2108,2113,2114,2115
2034 2014,2033,2036,2050,2055
2035 2001,2015,2028
2036 2014,2022,2034,2050
2037 1991,2007,2020,2041
2038 1949,1997,2032,2040,2046,2052,2053,2056,2087
2039 2001,2005,2018
2040 1949,1976,2038,2046,2056
2041 2007,2011,2012,2019,2020,2022,2030,2037,2045,2047,2051,2054,2061,2063,2065,2067,2076,2079,2080
2042 2024,2029,2031,2057,2066
2043 1976,1987,2002,2013,2031,2058
2044 2027,2053
2045 2007,2019,2041
2046 1949,2038,2040
2047 2022,2041,2048,2050,2054,2060,2067,2069
2048 2022,2047
2049 2018,2027,2052,2053
2050 2022,2033,2034,2036,2047,2055,2059,2060,2064,2069,2070,2074,2075,2077,2082
2051 2011,2012,2041
2052 2001,2018,2033,2038,2049,2053,2078,2081,2087,2090,2093,2101
2053 2027,2032,2038,2044,2049,2052
2054 2022,2041,2047
2055 2033,2034,2050
2056 1976,2038,2040,2086,2087
2057 2029,2042
2058 1976,2031,2043,2062,2072,2073,2085,2086,2089
2059 2050
2060 2047,2050
2061 2041,2065,2076,2079,2080,2083,2084,2088,2096,2099,2100,2102,2103,2105
2062 2031,2058,2066,2072,2073,2085,2091,2092
2063 2041,2065,2067
2064 2033,2050,2068,2074
2065 2041,2061,2063,2067,2075,2083,2088,2095
2066 2031,2042,2062
2067 2041,2047,2063,2065,2069,2071,2075
2068 2033,2064,2074
2069 2047,2050,2067,2071,2075
2070 2050,2075,2077,2082
2071 2067,2069,2075
2072 2058,2062,2073,2085
2073 2058,2062,2072
2074 2033,2050,2064,2068,2082,2094,2098
2075 2050,2065,2067,2069,2070,2071,2077,2082,2094,2095
2076 2041,2061,2079
2077 2050,2070,2075
2078 2033,2052
2079 2041,2061,2076,2080
2080 2012,2041,2061,2079,2084
2081 2033,2052,2090
2082 2050,2070,2074,2075,2094
2083 2061,2065,2088,2094,2095,2096,2099,2100,2103,2105,2106
2084 2012,2061,2080,2102,2106
2085 2058,2062,2072,2087,2089,2091,2092
2086 1976,2056,2058,2087,2089
2087 2033,2038,2052,2056,2085,2086,2089,2092,2112,2113,2115
2088 2061,2065,2083
2089 2058,2085,2086,2087
2090 2033,2052,2081,2093
2091 2062,2085,2092
2092 2062,2085,2087,2091,2115,2118,2124,2125
2093 2052,2090
2094 2033,2074,2075,2082,2083,2095,2097,2098,2106,2108,2109,2110,2111,2114,2115,2116,2121,2122,2125,2127
2095 2065,2075,2083,2094
2096 2061,2083
2097 2033,2094,2104,2108
2098 2033,2074,2094
2099 2061,2083,2100
2100 2061,2083,2099
2101 2033,2052
2102 2061,2084,2105,2106
2103 2061,2083
2104 2033,2097,2108
2105 2061,2083,2102,2106
2106 2083,2084,2094,2102,2105,2111,2120,2131,2133,2145
2107 2033,2108
2108 2033,2094,2097,2104,2107,2114
2109 2094,2110
2110 2094,2109,2111
2111 2094,2106,2110,2117,2119,2120,2123,2125,2128,2130,2134,2135,2136
2112 2087,2113,2115
2113 2033,2087,2112,2115
2114 2033,2094,2108,2115
2115 2033,2087,2092,2094,2112,2113,2114,2118,2121,2125,2126,2127
2116 2094,2122
2117 2111,2120
2118 2092,2115,2124,2126
2119 2111,2120
2120 2106,2111,2117,2119,2123,2128,2129,2131,2132,2133
2121 2094,2115,2127
2122 2094,2116
2123 2111,2120
2124 2092,2118,2125,2126
2125 2092,2094,2111,2115,2124,2126,2136,2138,2139
2126 2115,2118,2124,2125
2127 2094,2115,2121
2128 2111,2120,2130,2131,2134,2135,2136,2137,2138,2139,2140,2141,2142
2129 2120,2131
2130 2111,2128
2131 2106,2120,2128,2129,2132,2133,2137,2142,2143,2144,2145,2146,2147
2132 2120,2131
2133 2106,2120,2131
2134 2111,2128
2135 2111,2128,2136
2136 2111,2125,2128,2135,2138
2137 2128,2131
2138 2125,2128,2136,2139
2139 2125,2128,2138,2140
2140 2128,2139,2141
2141 2128,2140,2142
2142 2128,2131,2141,2143,2148
2143 2131,2142,2144,2145,2148
2144 2131,2143
2145 2106,2131,2143,2146,2147,2148
2146 2131,2145
2147 2131,2145
2148 2142,2143,2145
